CM;01;99;9;Andalucía                                         ;08182;00000;00000;00000;00000;06321204;00000000;00000000;00000000;00000000;00000;00000;
CM;02;99;9;Aragón                                            ;01718;00000;00000;00000;00000;00996136;00000000;00000000;00000000;00000000;00000;00000;
CM;03;99;9;Principado de Asturias                            ;01296;00000;00000;00000;00000;00888687;00000000;00000000;00000000;00000000;00000;00000;
CM;04;99;9;Illes Balears                                     ;00972;00000;00000;00000;00000;00752520;00000000;00000000;00000000;00000000;00000;00000;
CM;05;99;9;Canarias                                          ;01993;00000;00000;00000;00000;01544220;00000000;00000000;00000000;00000000;00000;00000;
CM;06;99;9;Cantabria                                         ;00698;00000;00000;00000;00000;00469213;00000000;00000000;00000000;00000000;00000;00000;
CM;07;99;9;Castilla - La Mancha                              ;02501;00000;00000;00000;00000;01556244;00000000;00000000;00000000;00000000;00000;00000;
CM;08;99;9;Castilla y León                                   ;04134;00000;00000;00000;00000;02025891;00000000;00000000;00000000;00000000;00000;00000;
CM;09;99;9;Catalunya                                         ;06934;00000;00000;00000;00000;05321420;00000000;00000000;00000000;00000000;00000;00000;
CM;10;99;9;Extremadura                                       ;01256;00000;00000;00000;00000;00887381;00000000;00000000;00000000;00000000;00000;00000;
CM;11;99;9;Galicia                                           ;03618;00000;00000;00000;00000;02289372;00000000;00000000;00000000;00000000;00000;00000;
CM;12;99;9;Comunidad de Madrid                               ;05669;00000;00000;00000;00000;04630663;00000000;00000000;00000000;00000000;00000;00000;
CM;13;99;9;Comunidad Foral de Navarra                        ;00751;00000;00000;00000;00000;00477015;00000000;00000000;00000000;00000000;00000;00000;
CM;14;99;9;País Vasco                                        ;02251;00000;00000;00000;00000;01723409;00000000;00000000;00000000;00000000;00000;00000;
CM;15;99;9;Región de Murcia                                  ;01364;00000;00000;00000;00000;01004018;00000000;00000000;00000000;00000000;00000;00000;
CM;16;99;9;La Rioja                                          ;00415;00000;00000;00000;00000;00234790;00000000;00000000;00000000;00000000;00000;00000;
CM;17;99;9;Comunitat Valenciana                              ;05568;00000;00000;00000;00000;03587748;00000000;00000000;00000000;00000000;00000;00000;
CM;18;99;9;Ciudad de Ceuta                                   ;00076;00000;00000;00000;00000;00059607;00000000;00000000;00000000;00000000;00000;00000;
CM;19;99;9;Ciudad de Melilla                                 ;00070;00000;00000;00000;00000;00052957;00000000;00000000;00000000;00000000;00000;00000;
PR;01;04;9;Almería                                           ;00638;00000;00000;00000;00000;00459245;00000000;00000000;00000000;00000000;00000;00000;
PR;01;11;9;Cádiz                                             ;01236;00000;00000;00000;00000;00968964;00000000;00000000;00000000;00000000;00000;00000;
PR;01;14;9;Córdoba                                           ;00837;00000;00000;00000;00000;00640795;00000000;00000000;00000000;00000000;00000;00000;
PR;01;18;9;Granada                                           ;00968;00000;00000;00000;00000;00706528;00000000;00000000;00000000;00000000;00000;00000;
PR;01;21;9;Huelva                                            ;00508;00000;00000;00000;00000;00393236;00000000;00000000;00000000;00000000;00000;00000;
PR;01;23;9;Jaén                                              ;00710;00000;00000;00000;00000;00525352;00000000;00000000;00000000;00000000;00000;00000;
PR;01;29;9;Málaga                                            ;01420;00000;00000;00000;00000;01130292;00000000;00000000;00000000;00000000;00000;00000;
PR;01;41;9;Sevilla                                           ;01865;00000;00000;00000;00000;01496792;00000000;00000000;00000000;00000000;00000;00000;
PR;02;22;9;Huesca                                            ;00343;00000;00000;00000;00000;00170866;00000000;00000000;00000000;00000000;00000;00000;
PR;02;44;9;Teruel                                            ;00314;00000;00000;00000;00000;00107542;00000000;00000000;00000000;00000000;00000;00000;
PR;02;50;9;Zaragoza                                          ;01061;00000;00000;00000;00000;00717728;00000000;00000000;00000000;00000000;00000;00000;
PR;03;33;9;Asturias                                          ;01296;00000;00000;00000;00000;00888687;00000000;00000000;00000000;00000000;00000;00000;
PR;04;07;9;Illes Balears                                     ;00972;00000;00000;00000;00000;00752520;00000000;00000000;00000000;00000000;00000;00000;
PR;05;35;9;Las Palmas                                        ;01021;00000;00000;00000;00000;00798466;00000000;00000000;00000000;00000000;00000;00000;
PR;05;38;9;Santa Cruz de Tenerife                            ;00972;00000;00000;00000;00000;00745754;00000000;00000000;00000000;00000000;00000;00000;
PR;06;39;9;Cantabria                                         ;00698;00000;00000;00000;00000;00469213;00000000;00000000;00000000;00000000;00000;00000;
PR;07;02;9;Albacete                                          ;00418;00000;00000;00000;00000;00305255;00000000;00000000;00000000;00000000;00000;00000;
PR;07;13;9;Ciudad Real                                       ;00536;00000;00000;00000;00000;00400014;00000000;00000000;00000000;00000000;00000;00000;
PR;07;16;9;Cuenca                                            ;00351;00000;00000;00000;00000;00158983;00000000;00000000;00000000;00000000;00000;00000;
PR;07;19;9;Guadalajara                                       ;00449;00000;00000;00000;00000;00180417;00000000;00000000;00000000;00000000;00000;00000;
PR;07;45;9;Toledo                                            ;00747;00000;00000;00000;00000;00511575;00000000;00000000;00000000;00000000;00000;00000;
PR;08;05;9;Ávila                                             ;00342;00000;00000;00000;00000;00134108;00000000;00000000;00000000;00000000;00000;00000;
PR;08;09;9;Burgos                                            ;00642;00000;00000;00000;00000;00288183;00000000;00000000;00000000;00000000;00000;00000;
PR;08;24;9;León                                              ;00680;00000;00000;00000;00000;00404621;00000000;00000000;00000000;00000000;00000;00000;
PR;08;34;9;Palencia                                          ;00311;00000;00000;00000;00000;00139587;00000000;00000000;00000000;00000000;00000;00000;
PR;08;37;9;Salamanca                                         ;00591;00000;00000;00000;00000;00284282;00000000;00000000;00000000;00000000;00000;00000;
PR;08;40;9;Segovia                                           ;00299;00000;00000;00000;00000;00120083;00000000;00000000;00000000;00000000;00000;00000;
PR;08;42;9;Soria                                             ;00234;00000;00000;00000;00000;00072219;00000000;00000000;00000000;00000000;00000;00000;
PR;08;47;9;Valladolid                                        ;00670;00000;00000;00000;00000;00424325;00000000;00000000;00000000;00000000;00000;00000;
PR;08;49;9;Zamora                                            ;00365;00000;00000;00000;00000;00158483;00000000;00000000;00000000;00000000;00000;00000;
PR;09;08;9;Barcelona                                         ;04895;00000;00000;00000;00000;03962665;00000000;00000000;00000000;00000000;00000;00000;
PR;09;17;9;Girona                                            ;00712;00000;00000;00000;00000;00503694;00000000;00000000;00000000;00000000;00000;00000;
PR;09;25;9;Lleida                                            ;00504;00000;00000;00000;00000;00302290;00000000;00000000;00000000;00000000;00000;00000;
PR;09;43;9;Tarragona                                         ;00823;00000;00000;00000;00000;00552771;00000000;00000000;00000000;00000000;00000;00000;
PR;10;06;9;Badajoz                                           ;00745;00000;00000;00000;00000;00549996;00000000;00000000;00000000;00000000;00000;00000;
PR;10;10;9;Cáceres                                           ;00511;00000;00000;00000;00000;00337385;00000000;00000000;00000000;00000000;00000;00000;
PR;11;15;9;A Coruña                                          ;01427;00000;00000;00000;00000;00944234;00000000;00000000;00000000;00000000;00000;00000;
PR;11;27;9;Lugo                                              ;00536;00000;00000;00000;00000;00291407;00000000;00000000;00000000;00000000;00000;00000;
PR;11;32;9;Ourense                                           ;00518;00000;00000;00000;00000;00273615;00000000;00000000;00000000;00000000;00000;00000;
PR;11;36;9;Pontevedra                                        ;01137;00000;00000;00000;00000;00780116;00000000;00000000;00000000;00000000;00000;00000;
PR;12;28;9;Madrid                                            ;05669;00000;00000;00000;00000;04630663;00000000;00000000;00000000;00000000;00000;00000;
PR;13;31;9;Navarra                                           ;00751;00000;00000;00000;00000;00477015;00000000;00000000;00000000;00000000;00000;00000;
PR;14;01;9;Araba - Álava                                     ;00339;00000;00000;00000;00000;00248899;00000000;00000000;00000000;00000000;00000;00000;
PR;14;20;9;Gipuzkoa                                          ;00720;00000;00000;00000;00000;00556238;00000000;00000000;00000000;00000000;00000;00000;
PR;14;48;9;Bizkaia                                           ;01192;00000;00000;00000;00000;00918272;00000000;00000000;00000000;00000000;00000;00000;
PR;15;30;9;Murcia                                            ;01364;00000;00000;00000;00000;01004018;00000000;00000000;00000000;00000000;00000;00000;
PR;16;26;9;La Rioja                                          ;00415;00000;00000;00000;00000;00234790;00000000;00000000;00000000;00000000;00000;00000;
PR;17;03;9;Alicante / Alacant                                ;02178;00000;00000;00000;00000;01266715;00000000;00000000;00000000;00000000;00000;00000;
PR;17;12;9;Castellón / Castelló                              ;00579;00000;00000;00000;00000;00418803;00000000;00000000;00000000;00000000;00000;00000;
PR;17;46;9;Valencia / València                               ;02811;00000;00000;00000;00000;01902230;00000000;00000000;00000000;00000000;00000;00000;
PR;18;51;9;Ceuta                                             ;00076;00000;00000;00000;00000;00059607;00000000;00000000;00000000;00000000;00000;00000;
PR;19;52;9;Melilla                                           ;00070;00000;00000;00000;00000;00052957;00000000;00000000;00000000;00000000;00000;00000;
TO;99;99;9;Total Estatal                                     ;49466;00000;00000;00000;00000;34822495;00000000;00000000;00000000;00000000;00000;00000;
