07;13;9;001;99;Abenójar                                          ;00002;00000;00000;00000;00000;00001301;00000000;00000000;00000000;00000000;00000;00000;
07;13;9;002;99;Agudo                                             ;00002;00000;00000;00000;00000;00001526;00000000;00000000;00000000;00000000;00000;00000;
07;13;9;003;99;Alamillo                                          ;00001;00000;00000;00000;00000;00000492;00000000;00000000;00000000;00000000;00000;00000;
07;13;9;004;99;Albaladejo                                        ;00002;00000;00000;00000;00000;00001080;00000000;00000000;00000000;00000000;00000;00000;
07;13;9;005;99;Alcázar de San Juan                               ;00029;00000;00000;00000;00000;00023383;00000000;00000000;00000000;00000000;00000;00000;
07;13;9;006;99;Alcoba                                            ;00001;00000;00000;00000;00000;00000621;00000000;00000000;00000000;00000000;00000;00000;
07;13;9;007;99;Alcolea de Calatrava                              ;00002;00000;00000;00000;00000;00001299;00000000;00000000;00000000;00000000;00000;00000;
07;13;9;008;99;Alcubillas                                        ;00001;00000;00000;00000;00000;00000444;00000000;00000000;00000000;00000000;00000;00000;
07;13;9;009;99;Aldea del Rey                                     ;00002;00000;00000;00000;00000;00001502;00000000;00000000;00000000;00000000;00000;00000;
07;13;9;010;99;Alhambra                                          ;00002;00000;00000;00000;00000;00000896;00000000;00000000;00000000;00000000;00000;00000;
07;13;9;011;99;Almadén                                           ;00008;00000;00000;00000;00000;00004964;00000000;00000000;00000000;00000000;00000;00000;
07;13;9;012;99;Almadenejos                                       ;00001;00000;00000;00000;00000;00000435;00000000;00000000;00000000;00000000;00000;00000;
07;13;9;013;99;Almagro                                           ;00010;00000;00000;00000;00000;00007121;00000000;00000000;00000000;00000000;00000;00000;
07;13;9;014;99;Almedina                                          ;00001;00000;00000;00000;00000;00000514;00000000;00000000;00000000;00000000;00000;00000;
07;13;9;015;99;Almodóvar del Campo                               ;00008;00000;00000;00000;00000;00005615;00000000;00000000;00000000;00000000;00000;00000;
07;13;9;016;99;Almuradiel                                        ;00001;00000;00000;00000;00000;00000675;00000000;00000000;00000000;00000000;00000;00000;
07;13;9;017;99;Anchuras                                          ;00001;00000;00000;00000;00000;00000288;00000000;00000000;00000000;00000000;00000;00000;
07;13;9;018;99;Arenas de San Juan                                ;00001;00000;00000;00000;00000;00000850;00000000;00000000;00000000;00000000;00000;00000;
07;13;9;019;99;Argamasilla de Alba                               ;00006;00000;00000;00000;00000;00005286;00000000;00000000;00000000;00000000;00000;00000;
07;13;9;020;99;Argamasilla de Calatrava                          ;00006;00000;00000;00000;00000;00004817;00000000;00000000;00000000;00000000;00000;00000;
07;13;9;021;99;Arroba de los Montes                              ;00001;00000;00000;00000;00000;00000435;00000000;00000000;00000000;00000000;00000;00000;
07;13;9;022;99;Ballesteros de Calatrava                          ;00001;00000;00000;00000;00000;00000378;00000000;00000000;00000000;00000000;00000;00000;
07;13;9;023;99;Bolaños de Calatrava                              ;00011;00000;00000;00000;00000;00008965;00000000;00000000;00000000;00000000;00000;00000;
07;13;9;024;99;Brazatortas                                       ;00001;00000;00000;00000;00000;00000896;00000000;00000000;00000000;00000000;00000;00000;
07;13;9;025;99;Cabezarados                                       ;00001;00000;00000;00000;00000;00000307;00000000;00000000;00000000;00000000;00000;00000;
07;13;9;026;99;Cabezarrubias del Puerto                          ;00001;00000;00000;00000;00000;00000461;00000000;00000000;00000000;00000000;00000;00000;
07;13;9;027;99;Calzada de Calatrava                              ;00005;00000;00000;00000;00000;00003468;00000000;00000000;00000000;00000000;00000;00000;
07;13;9;028;99;Campo de Criptana                                 ;00013;00000;00000;00000;00000;00010529;00000000;00000000;00000000;00000000;00000;00000;
07;13;9;029;99;Cañada de Calatrava                               ;00001;00000;00000;00000;00000;00000097;00000000;00000000;00000000;00000000;00000;00000;
07;13;9;030;99;Caracuel de Calatrava                             ;00001;00000;00000;00000;00000;00000152;00000000;00000000;00000000;00000000;00000;00000;
07;13;9;031;99;Carrión de Calatrava                              ;00004;00000;00000;00000;00000;00002473;00000000;00000000;00000000;00000000;00000;00000;
07;13;9;032;99;Carrizosa                                         ;00002;00000;00000;00000;00000;00001168;00000000;00000000;00000000;00000000;00000;00000;
07;13;9;033;99;Castellar de Santiago                             ;00002;00000;00000;00000;00000;00001689;00000000;00000000;00000000;00000000;00000;00000;
07;13;9;034;99;Ciudad Real                                       ;00073;00000;00000;00000;00000;00058086;00000000;00000000;00000000;00000000;00000;00000;
07;13;9;035;99;Corral de Calatrava                               ;00001;00000;00000;00000;00000;00000995;00000000;00000000;00000000;00000000;00000;00000;
07;13;9;036;99;Los Cortijos                                      ;00002;00000;00000;00000;00000;00000806;00000000;00000000;00000000;00000000;00000;00000;
07;13;9;037;99;Cózar                                             ;00001;00000;00000;00000;00000;00000873;00000000;00000000;00000000;00000000;00000;00000;
07;13;9;038;99;Chillón                                           ;00002;00000;00000;00000;00000;00001689;00000000;00000000;00000000;00000000;00000;00000;
07;13;9;039;99;Daimiel                                           ;00017;00000;00000;00000;00000;00014470;00000000;00000000;00000000;00000000;00000;00000;
07;13;9;040;99;Fernán Caballero                                  ;00001;00000;00000;00000;00000;00000913;00000000;00000000;00000000;00000000;00000;00000;
07;13;9;041;99;Fontanarejo                                       ;00001;00000;00000;00000;00000;00000264;00000000;00000000;00000000;00000000;00000;00000;
07;13;9;042;99;Fuencaliente                                      ;00001;00000;00000;00000;00000;00000948;00000000;00000000;00000000;00000000;00000;00000;
07;13;9;043;99;Fuenllana                                         ;00001;00000;00000;00000;00000;00000241;00000000;00000000;00000000;00000000;00000;00000;
07;13;9;044;99;Fuente el Fresno                                  ;00004;00000;00000;00000;00000;00002717;00000000;00000000;00000000;00000000;00000;00000;
07;13;9;045;99;Granátula de Calatrava                            ;00001;00000;00000;00000;00000;00000694;00000000;00000000;00000000;00000000;00000;00000;
07;13;9;046;99;Guadalmez                                         ;00001;00000;00000;00000;00000;00000768;00000000;00000000;00000000;00000000;00000;00000;
07;13;9;047;99;Herencia                                          ;00007;00000;00000;00000;00000;00005866;00000000;00000000;00000000;00000000;00000;00000;
07;13;9;048;99;Hinojosas de Calatrava                            ;00001;00000;00000;00000;00000;00000500;00000000;00000000;00000000;00000000;00000;00000;
07;13;9;049;99;Horcajo de los Montes                             ;00001;00000;00000;00000;00000;00000817;00000000;00000000;00000000;00000000;00000;00000;
07;13;9;050;99;Las Labores                                       ;00001;00000;00000;00000;00000;00000510;00000000;00000000;00000000;00000000;00000;00000;
07;13;9;051;99;Luciana                                           ;00001;00000;00000;00000;00000;00000356;00000000;00000000;00000000;00000000;00000;00000;
07;13;9;052;99;Malagón                                           ;00009;00000;00000;00000;00000;00006626;00000000;00000000;00000000;00000000;00000;00000;
07;13;9;053;99;Manzanares                                        ;00019;00000;00000;00000;00000;00014577;00000000;00000000;00000000;00000000;00000;00000;
07;13;9;054;99;Membrilla                                         ;00006;00000;00000;00000;00000;00004987;00000000;00000000;00000000;00000000;00000;00000;
07;13;9;055;99;Mestanza                                          ;00002;00000;00000;00000;00000;00000677;00000000;00000000;00000000;00000000;00000;00000;
07;13;9;056;99;Miguelturra                                       ;00015;00000;00000;00000;00000;00011234;00000000;00000000;00000000;00000000;00000;00000;
07;13;9;057;99;Montiel                                           ;00002;00000;00000;00000;00000;00001216;00000000;00000000;00000000;00000000;00000;00000;
07;13;9;058;99;Moral de Calatrava                                ;00006;00000;00000;00000;00000;00004143;00000000;00000000;00000000;00000000;00000;00000;
07;13;9;059;99;Navalpino                                         ;00001;00000;00000;00000;00000;00000209;00000000;00000000;00000000;00000000;00000;00000;
07;13;9;060;99;Navas de Estena                                   ;00001;00000;00000;00000;00000;00000265;00000000;00000000;00000000;00000000;00000;00000;
07;13;9;061;99;Pedro Muñoz                                       ;00007;00000;00000;00000;00000;00005827;00000000;00000000;00000000;00000000;00000;00000;
07;13;9;062;99;Picón                                             ;00001;00000;00000;00000;00000;00000600;00000000;00000000;00000000;00000000;00000;00000;
07;13;9;063;99;Piedrabuena                                       ;00005;00000;00000;00000;00000;00003777;00000000;00000000;00000000;00000000;00000;00000;
07;13;9;064;99;Poblete                                           ;00002;00000;00000;00000;00000;00001620;00000000;00000000;00000000;00000000;00000;00000;
07;13;9;065;99;Porzuna                                           ;00005;00000;00000;00000;00000;00002977;00000000;00000000;00000000;00000000;00000;00000;
07;13;9;066;99;Pozuelo de Calatrava                              ;00003;00000;00000;00000;00000;00002471;00000000;00000000;00000000;00000000;00000;00000;
07;13;9;067;99;Los Pozuelos de Calatrava                         ;00001;00000;00000;00000;00000;00000371;00000000;00000000;00000000;00000000;00000;00000;
07;13;9;068;99;Puebla de Don Rodrigo                             ;00001;00000;00000;00000;00000;00001060;00000000;00000000;00000000;00000000;00000;00000;
07;13;9;069;99;Puebla del Príncipe                               ;00001;00000;00000;00000;00000;00000688;00000000;00000000;00000000;00000000;00000;00000;
07;13;9;070;99;Puerto Lápice                                     ;00001;00000;00000;00000;00000;00000778;00000000;00000000;00000000;00000000;00000;00000;
07;13;9;071;99;Puertollano                                       ;00055;00000;00000;00000;00000;00040435;00000000;00000000;00000000;00000000;00000;00000;
07;13;9;072;99;Retuerta del Bullaque                             ;00002;00000;00000;00000;00000;00000791;00000000;00000000;00000000;00000000;00000;00000;
07;13;9;073;99;Saceruela                                         ;00001;00000;00000;00000;00000;00000546;00000000;00000000;00000000;00000000;00000;00000;
07;13;9;074;99;San Carlos del Valle                              ;00001;00000;00000;00000;00000;00001003;00000000;00000000;00000000;00000000;00000;00000;
07;13;9;075;99;San Lorenzo de Calatrava                          ;00001;00000;00000;00000;00000;00000215;00000000;00000000;00000000;00000000;00000;00000;
07;13;9;076;99;Santa Cruz de los Cáñamos                         ;00001;00000;00000;00000;00000;00000498;00000000;00000000;00000000;00000000;00000;00000;
07;13;9;077;99;Santa Cruz de Mudela                              ;00004;00000;00000;00000;00000;00003585;00000000;00000000;00000000;00000000;00000;00000;
07;13;9;078;99;Socuéllamos                                       ;00011;00000;00000;00000;00000;00009221;00000000;00000000;00000000;00000000;00000;00000;
07;13;9;079;99;La Solana                                         ;00015;00000;00000;00000;00000;00012320;00000000;00000000;00000000;00000000;00000;00000;
07;13;9;080;99;Solana del Pino                                   ;00001;00000;00000;00000;00000;00000372;00000000;00000000;00000000;00000000;00000;00000;
07;13;9;081;99;Terrinches                                        ;00001;00000;00000;00000;00000;00000669;00000000;00000000;00000000;00000000;00000;00000;
07;13;9;082;99;Tomelloso                                         ;00032;00000;00000;00000;00000;00025925;00000000;00000000;00000000;00000000;00000;00000;
07;13;9;083;99;Torralba de Calatrava                             ;00003;00000;00000;00000;00000;00002494;00000000;00000000;00000000;00000000;00000;00000;
07;13;9;084;99;Torre de Juan Abad                                ;00001;00000;00000;00000;00000;00000929;00000000;00000000;00000000;00000000;00000;00000;
07;13;9;085;99;Torrenueva                                        ;00004;00000;00000;00000;00000;00002420;00000000;00000000;00000000;00000000;00000;00000;
07;13;9;086;99;Valdemanco del Esteras                            ;00001;00000;00000;00000;00000;00000184;00000000;00000000;00000000;00000000;00000;00000;
07;13;9;087;99;Valdepeñas                                        ;00031;00000;00000;00000;00000;00023164;00000000;00000000;00000000;00000000;00000;00000;
07;13;9;088;99;Valenzuela de Calatrava                           ;00001;00000;00000;00000;00000;00000614;00000000;00000000;00000000;00000000;00000;00000;
07;13;9;089;99;Villahermosa                                      ;00003;00000;00000;00000;00000;00001797;00000000;00000000;00000000;00000000;00000;00000;
07;13;9;090;99;Villamanrique                                     ;00002;00000;00000;00000;00000;00001150;00000000;00000000;00000000;00000000;00000;00000;
07;13;9;091;99;Villamayor de Calatrava                           ;00001;00000;00000;00000;00000;00000523;00000000;00000000;00000000;00000000;00000;00000;
07;13;9;092;99;Villanueva de la Fuente                           ;00003;00000;00000;00000;00000;00001892;00000000;00000000;00000000;00000000;00000;00000;
07;13;9;093;99;Villanueva de los Infantes                        ;00005;00000;00000;00000;00000;00004191;00000000;00000000;00000000;00000000;00000;00000;
07;13;9;094;99;Villanueva de San Carlos                          ;00001;00000;00000;00000;00000;00000316;00000000;00000000;00000000;00000000;00000;00000;
07;13;9;095;99;Villar del Pozo                                   ;00001;00000;00000;00000;00000;00000088;00000000;00000000;00000000;00000000;00000;00000;
07;13;9;096;99;Villarrubia de los Ojos                           ;00008;00000;00000;00000;00000;00007883;00000000;00000000;00000000;00000000;00000;00000;
07;13;9;097;99;Villarta de San Juan                              ;00003;00000;00000;00000;00000;00002317;00000000;00000000;00000000;00000000;00000;00000;
07;13;9;098;99;Viso del Marqués                                  ;00003;00000;00000;00000;00000;00002210;00000000;00000000;00000000;00000000;00000;00000;
07;13;9;901;99;El Robledo                                        ;00001;00000;00000;00000;00000;00000926;00000000;00000000;00000000;00000000;00000;00000;
07;13;9;902;99;Ruidera                                           ;00001;00000;00000;00000;00000;00000499;00000000;00000000;00000000;00000000;00000;00000;
07;13;9;903;99;Arenales de San Gregorio                          ;00001;00000;00000;00000;00000;00000543;00000000;00000000;00000000;00000000;00000;00000;
07;13;9;904;99;Llanos del Caudillo                               ;00001;00000;00000;00000;00000;00000551;00000000;00000000;00000000;00000000;00000;00000;
