02;50;9;001;99;Abanto                                            ;00001;00000;00000;00000;00000;00000114;00000000;00000000;00000000;00000000;00000;00000;
02;50;9;002;99;Acered                                            ;00001;00000;00000;00000;00000;00000154;00000000;00000000;00000000;00000000;00000;00000;
02;50;9;003;99;Agón                                              ;00001;00000;00000;00000;00000;00000137;00000000;00000000;00000000;00000000;00000;00000;
02;50;9;004;99;Aguarón                                           ;00001;00000;00000;00000;00000;00000565;00000000;00000000;00000000;00000000;00000;00000;
02;50;9;005;99;Aguilón                                           ;00001;00000;00000;00000;00000;00000241;00000000;00000000;00000000;00000000;00000;00000;
02;50;9;006;99;Ainzón                                            ;00001;00000;00000;00000;00000;00000935;00000000;00000000;00000000;00000000;00000;00000;
02;50;9;007;99;Aladrén                                           ;00001;00000;00000;00000;00000;00000050;00000000;00000000;00000000;00000000;00000;00000;
02;50;9;008;99;Alagón                                            ;00007;00000;00000;00000;00000;00005145;00000000;00000000;00000000;00000000;00000;00000;
02;50;9;009;99;Alarba                                            ;00001;00000;00000;00000;00000;00000119;00000000;00000000;00000000;00000000;00000;00000;
02;50;9;010;99;Alberite de San Juan                              ;00001;00000;00000;00000;00000;00000072;00000000;00000000;00000000;00000000;00000;00000;
02;50;9;011;99;Albeta                                            ;00001;00000;00000;00000;00000;00000129;00000000;00000000;00000000;00000000;00000;00000;
02;50;9;012;99;Alborge                                           ;00001;00000;00000;00000;00000;00000107;00000000;00000000;00000000;00000000;00000;00000;
02;50;9;013;99;Alcalá de Ebro                                    ;00001;00000;00000;00000;00000;00000239;00000000;00000000;00000000;00000000;00000;00000;
02;50;9;014;99;Alcalá de Moncayo                                 ;00001;00000;00000;00000;00000;00000155;00000000;00000000;00000000;00000000;00000;00000;
02;50;9;015;99;Alconchel de Ariza                                ;00001;00000;00000;00000;00000;00000098;00000000;00000000;00000000;00000000;00000;00000;
02;50;9;016;99;Aldehuela de Liestos                              ;00001;00000;00000;00000;00000;00000049;00000000;00000000;00000000;00000000;00000;00000;
02;50;9;017;99;Alfajarín                                         ;00002;00000;00000;00000;00000;00001738;00000000;00000000;00000000;00000000;00000;00000;
02;50;9;018;99;Alfamén                                           ;00001;00000;00000;00000;00000;00000974;00000000;00000000;00000000;00000000;00000;00000;
02;50;9;019;99;Alforque                                          ;00001;00000;00000;00000;00000;00000067;00000000;00000000;00000000;00000000;00000;00000;
02;50;9;020;99;Alhama de Aragón                                  ;00001;00000;00000;00000;00000;00000849;00000000;00000000;00000000;00000000;00000;00000;
02;50;9;021;99;Almochuel                                         ;00001;00000;00000;00000;00000;00000035;00000000;00000000;00000000;00000000;00000;00000;
02;50;9;022;99;La Almolda                                        ;00001;00000;00000;00000;00000;00000551;00000000;00000000;00000000;00000000;00000;00000;
02;50;9;023;99;Almonacid de la Cuba                              ;00001;00000;00000;00000;00000;00000227;00000000;00000000;00000000;00000000;00000;00000;
02;50;9;024;99;Almonacid de la Sierra                            ;00001;00000;00000;00000;00000;00000607;00000000;00000000;00000000;00000000;00000;00000;
02;50;9;025;99;La Almunia de Doña Godina                         ;00006;00000;00000;00000;00000;00004689;00000000;00000000;00000000;00000000;00000;00000;
02;50;9;026;99;Alpartir                                          ;00001;00000;00000;00000;00000;00000443;00000000;00000000;00000000;00000000;00000;00000;
02;50;9;027;99;Ambel                                             ;00001;00000;00000;00000;00000;00000234;00000000;00000000;00000000;00000000;00000;00000;
02;50;9;028;99;Anento                                            ;00001;00000;00000;00000;00000;00000092;00000000;00000000;00000000;00000000;00000;00000;
02;50;9;029;99;Aniñón                                            ;00001;00000;00000;00000;00000;00000653;00000000;00000000;00000000;00000000;00000;00000;
02;50;9;030;99;Añón de Moncayo                                   ;00001;00000;00000;00000;00000;00000226;00000000;00000000;00000000;00000000;00000;00000;
02;50;9;031;99;Aranda de Moncayo                                 ;00001;00000;00000;00000;00000;00000166;00000000;00000000;00000000;00000000;00000;00000;
02;50;9;032;99;Arándiga                                          ;00001;00000;00000;00000;00000;00000298;00000000;00000000;00000000;00000000;00000;00000;
02;50;9;033;99;Ardisa                                            ;00001;00000;00000;00000;00000;00000067;00000000;00000000;00000000;00000000;00000;00000;
02;50;9;034;99;Ariza                                             ;00001;00000;00000;00000;00000;00000856;00000000;00000000;00000000;00000000;00000;00000;
02;50;9;035;99;Artieda                                           ;00001;00000;00000;00000;00000;00000077;00000000;00000000;00000000;00000000;00000;00000;
02;50;9;036;99;Asín                                              ;00001;00000;00000;00000;00000;00000105;00000000;00000000;00000000;00000000;00000;00000;
02;50;9;037;99;Atea                                              ;00001;00000;00000;00000;00000;00000149;00000000;00000000;00000000;00000000;00000;00000;
02;50;9;038;99;Ateca                                             ;00002;00000;00000;00000;00000;00001565;00000000;00000000;00000000;00000000;00000;00000;
02;50;9;039;99;Azuara                                            ;00001;00000;00000;00000;00000;00000530;00000000;00000000;00000000;00000000;00000;00000;
02;50;9;040;99;Badules                                           ;00001;00000;00000;00000;00000;00000092;00000000;00000000;00000000;00000000;00000;00000;
02;50;9;041;99;Bagüés                                            ;00001;00000;00000;00000;00000;00000015;00000000;00000000;00000000;00000000;00000;00000;
02;50;9;042;99;Balconchán                                        ;00001;00000;00000;00000;00000;00000015;00000000;00000000;00000000;00000000;00000;00000;
02;50;9;043;99;Bárboles                                          ;00001;00000;00000;00000;00000;00000256;00000000;00000000;00000000;00000000;00000;00000;
02;50;9;044;99;Bardallur                                         ;00001;00000;00000;00000;00000;00000243;00000000;00000000;00000000;00000000;00000;00000;
02;50;9;045;99;Belchite                                          ;00002;00000;00000;00000;00000;00001276;00000000;00000000;00000000;00000000;00000;00000;
02;50;9;046;99;Belmonte de Gracián                               ;00001;00000;00000;00000;00000;00000187;00000000;00000000;00000000;00000000;00000;00000;
02;50;9;047;99;Berdejo                                           ;00001;00000;00000;00000;00000;00000051;00000000;00000000;00000000;00000000;00000;00000;
02;50;9;048;99;Berrueco                                          ;00001;00000;00000;00000;00000;00000037;00000000;00000000;00000000;00000000;00000;00000;
02;50;9;050;99;Bijuesca                                          ;00001;00000;00000;00000;00000;00000105;00000000;00000000;00000000;00000000;00000;00000;
02;50;9;051;99;Biota                                             ;00001;00000;00000;00000;00000;00000858;00000000;00000000;00000000;00000000;00000;00000;
02;50;9;052;99;Bisimbre                                          ;00001;00000;00000;00000;00000;00000091;00000000;00000000;00000000;00000000;00000;00000;
02;50;9;053;99;Boquiñeni                                         ;00001;00000;00000;00000;00000;00000704;00000000;00000000;00000000;00000000;00000;00000;
02;50;9;054;99;Bordalba                                          ;00001;00000;00000;00000;00000;00000062;00000000;00000000;00000000;00000000;00000;00000;
02;50;9;055;99;Borja                                             ;00004;00000;00000;00000;00000;00003613;00000000;00000000;00000000;00000000;00000;00000;
02;50;9;056;99;Botorrita                                         ;00001;00000;00000;00000;00000;00000431;00000000;00000000;00000000;00000000;00000;00000;
02;50;9;057;99;Brea de Aragón                                    ;00002;00000;00000;00000;00000;00001420;00000000;00000000;00000000;00000000;00000;00000;
02;50;9;058;99;Bubierca                                          ;00001;00000;00000;00000;00000;00000074;00000000;00000000;00000000;00000000;00000;00000;
02;50;9;059;99;Bujaraloz                                         ;00001;00000;00000;00000;00000;00000792;00000000;00000000;00000000;00000000;00000;00000;
02;50;9;060;99;Bulbuente                                         ;00001;00000;00000;00000;00000;00000185;00000000;00000000;00000000;00000000;00000;00000;
02;50;9;061;99;Bureta                                            ;00001;00000;00000;00000;00000;00000218;00000000;00000000;00000000;00000000;00000;00000;
02;50;9;062;99;El Burgo de Ebro                                  ;00002;00000;00000;00000;00000;00001791;00000000;00000000;00000000;00000000;00000;00000;
02;50;9;063;99;El Buste                                          ;00001;00000;00000;00000;00000;00000065;00000000;00000000;00000000;00000000;00000;00000;
02;50;9;064;99;Cabañas de Ebro                                   ;00001;00000;00000;00000;00000;00000454;00000000;00000000;00000000;00000000;00000;00000;
02;50;9;065;99;Cabolafuente                                      ;00001;00000;00000;00000;00000;00000053;00000000;00000000;00000000;00000000;00000;00000;
02;50;9;066;99;Cadrete                                           ;00003;00000;00000;00000;00000;00002584;00000000;00000000;00000000;00000000;00000;00000;
02;50;9;067;99;Calatayud                                         ;00017;00000;00000;00000;00000;00014586;00000000;00000000;00000000;00000000;00000;00000;
02;50;9;068;99;Calatorao                                         ;00003;00000;00000;00000;00000;00002039;00000000;00000000;00000000;00000000;00000;00000;
02;50;9;069;99;Calcena                                           ;00001;00000;00000;00000;00000;00000083;00000000;00000000;00000000;00000000;00000;00000;
02;50;9;070;99;Calmarza                                          ;00001;00000;00000;00000;00000;00000065;00000000;00000000;00000000;00000000;00000;00000;
02;50;9;071;99;Campillo de Aragón                                ;00001;00000;00000;00000;00000;00000133;00000000;00000000;00000000;00000000;00000;00000;
02;50;9;072;99;Carenas                                           ;00001;00000;00000;00000;00000;00000173;00000000;00000000;00000000;00000000;00000;00000;
02;50;9;073;99;Cariñena                                          ;00003;00000;00000;00000;00000;00002278;00000000;00000000;00000000;00000000;00000;00000;
02;50;9;074;99;Caspe                                             ;00008;00000;00000;00000;00000;00006454;00000000;00000000;00000000;00000000;00000;00000;
02;50;9;075;99;Castejón de Alarba                                ;00001;00000;00000;00000;00000;00000083;00000000;00000000;00000000;00000000;00000;00000;
02;50;9;076;99;Castejón de las Armas                             ;00001;00000;00000;00000;00000;00000092;00000000;00000000;00000000;00000000;00000;00000;
02;50;9;077;99;Castejón de Valdejasa                             ;00001;00000;00000;00000;00000;00000236;00000000;00000000;00000000;00000000;00000;00000;
02;50;9;078;99;Castiliscar                                       ;00001;00000;00000;00000;00000;00000258;00000000;00000000;00000000;00000000;00000;00000;
02;50;9;079;99;Cervera de la Cañada                              ;00001;00000;00000;00000;00000;00000266;00000000;00000000;00000000;00000000;00000;00000;
02;50;9;080;99;Cerveruela                                        ;00001;00000;00000;00000;00000;00000036;00000000;00000000;00000000;00000000;00000;00000;
02;50;9;081;99;Cetina                                            ;00001;00000;00000;00000;00000;00000547;00000000;00000000;00000000;00000000;00000;00000;
02;50;9;082;99;Cimballa                                          ;00001;00000;00000;00000;00000;00000099;00000000;00000000;00000000;00000000;00000;00000;
02;50;9;083;99;Cinco Olivas                                      ;00001;00000;00000;00000;00000;00000089;00000000;00000000;00000000;00000000;00000;00000;
02;50;9;084;99;Clarés de Ribota                                  ;00001;00000;00000;00000;00000;00000074;00000000;00000000;00000000;00000000;00000;00000;
02;50;9;085;99;Codo                                              ;00001;00000;00000;00000;00000;00000190;00000000;00000000;00000000;00000000;00000;00000;
02;50;9;086;99;Codos                                             ;00001;00000;00000;00000;00000;00000178;00000000;00000000;00000000;00000000;00000;00000;
02;50;9;087;99;Contamina                                         ;00001;00000;00000;00000;00000;00000030;00000000;00000000;00000000;00000000;00000;00000;
02;50;9;088;99;Cosuenda                                          ;00001;00000;00000;00000;00000;00000320;00000000;00000000;00000000;00000000;00000;00000;
02;50;9;089;99;Cuarte de Huerva                                  ;00010;00000;00000;00000;00000;00007759;00000000;00000000;00000000;00000000;00000;00000;
02;50;9;090;99;Cubel                                             ;00001;00000;00000;00000;00000;00000156;00000000;00000000;00000000;00000000;00000;00000;
02;50;9;091;99;Las Cuerlas                                       ;00001;00000;00000;00000;00000;00000051;00000000;00000000;00000000;00000000;00000;00000;
02;50;9;092;99;Chiprana                                          ;00001;00000;00000;00000;00000;00000334;00000000;00000000;00000000;00000000;00000;00000;
02;50;9;093;99;Chodes                                            ;00001;00000;00000;00000;00000;00000100;00000000;00000000;00000000;00000000;00000;00000;
02;50;9;094;99;Daroca                                            ;00002;00000;00000;00000;00000;00001684;00000000;00000000;00000000;00000000;00000;00000;
02;50;9;095;99;Ejea de los Caballeros                            ;00017;00000;00000;00000;00000;00012499;00000000;00000000;00000000;00000000;00000;00000;
02;50;9;096;99;Embid de Ariza                                    ;00001;00000;00000;00000;00000;00000049;00000000;00000000;00000000;00000000;00000;00000;
02;50;9;098;99;Encinacorba                                       ;00001;00000;00000;00000;00000;00000197;00000000;00000000;00000000;00000000;00000;00000;
02;50;9;099;99;Épila                                             ;00004;00000;00000;00000;00000;00003124;00000000;00000000;00000000;00000000;00000;00000;
02;50;9;100;99;Erla                                              ;00001;00000;00000;00000;00000;00000340;00000000;00000000;00000000;00000000;00000;00000;
02;50;9;101;99;Escatrón                                          ;00001;00000;00000;00000;00000;00000912;00000000;00000000;00000000;00000000;00000;00000;
02;50;9;102;99;Fabara                                            ;00001;00000;00000;00000;00000;00000885;00000000;00000000;00000000;00000000;00000;00000;
02;50;9;104;99;Farlete                                           ;00001;00000;00000;00000;00000;00000358;00000000;00000000;00000000;00000000;00000;00000;
02;50;9;105;99;Fayón                                             ;00001;00000;00000;00000;00000;00000313;00000000;00000000;00000000;00000000;00000;00000;
02;50;9;106;99;Los Fayos                                         ;00001;00000;00000;00000;00000;00000142;00000000;00000000;00000000;00000000;00000;00000;
02;50;9;107;99;Figueruelas                                       ;00001;00000;00000;00000;00000;00000974;00000000;00000000;00000000;00000000;00000;00000;
02;50;9;108;99;Fombuena                                          ;00001;00000;00000;00000;00000;00000048;00000000;00000000;00000000;00000000;00000;00000;
02;50;9;109;99;El Frago                                          ;00001;00000;00000;00000;00000;00000100;00000000;00000000;00000000;00000000;00000;00000;
02;50;9;110;99;El Frasno                                         ;00001;00000;00000;00000;00000;00000393;00000000;00000000;00000000;00000000;00000;00000;
02;50;9;111;99;Fréscano                                          ;00001;00000;00000;00000;00000;00000187;00000000;00000000;00000000;00000000;00000;00000;
02;50;9;113;99;Fuendejalón                                       ;00001;00000;00000;00000;00000;00000635;00000000;00000000;00000000;00000000;00000;00000;
02;50;9;114;99;Fuendetodos                                       ;00001;00000;00000;00000;00000;00000131;00000000;00000000;00000000;00000000;00000;00000;
02;50;9;115;99;Fuentes de Ebro                                   ;00004;00000;00000;00000;00000;00003286;00000000;00000000;00000000;00000000;00000;00000;
02;50;9;116;99;Fuentes de Jiloca                                 ;00001;00000;00000;00000;00000;00000193;00000000;00000000;00000000;00000000;00000;00000;
02;50;9;117;99;Gallocanta                                        ;00001;00000;00000;00000;00000;00000131;00000000;00000000;00000000;00000000;00000;00000;
02;50;9;118;99;Gallur                                            ;00002;00000;00000;00000;00000;00002238;00000000;00000000;00000000;00000000;00000;00000;
02;50;9;119;99;Gelsa                                             ;00001;00000;00000;00000;00000;00000950;00000000;00000000;00000000;00000000;00000;00000;
02;50;9;120;99;Godojos                                           ;00001;00000;00000;00000;00000;00000050;00000000;00000000;00000000;00000000;00000;00000;
02;50;9;121;99;Gotor                                             ;00001;00000;00000;00000;00000;00000282;00000000;00000000;00000000;00000000;00000;00000;
02;50;9;122;99;Grisel                                            ;00001;00000;00000;00000;00000;00000067;00000000;00000000;00000000;00000000;00000;00000;
02;50;9;123;99;Grisén                                            ;00001;00000;00000;00000;00000;00000465;00000000;00000000;00000000;00000000;00000;00000;
02;50;9;124;99;Herrera de los Navarros                           ;00001;00000;00000;00000;00000;00000437;00000000;00000000;00000000;00000000;00000;00000;
02;50;9;125;99;Ibdes                                             ;00001;00000;00000;00000;00000;00000400;00000000;00000000;00000000;00000000;00000;00000;
02;50;9;126;99;Illueca                                           ;00003;00000;00000;00000;00000;00002475;00000000;00000000;00000000;00000000;00000;00000;
02;50;9;128;99;Isuerre                                           ;00001;00000;00000;00000;00000;00000030;00000000;00000000;00000000;00000000;00000;00000;
02;50;9;129;99;Jaraba                                            ;00001;00000;00000;00000;00000;00000255;00000000;00000000;00000000;00000000;00000;00000;
02;50;9;130;99;Jarque                                            ;00001;00000;00000;00000;00000;00000405;00000000;00000000;00000000;00000000;00000;00000;
02;50;9;131;99;Jaulín                                            ;00001;00000;00000;00000;00000;00000237;00000000;00000000;00000000;00000000;00000;00000;
02;50;9;132;99;La Joyosa                                         ;00001;00000;00000;00000;00000;00000749;00000000;00000000;00000000;00000000;00000;00000;
02;50;9;133;99;Lagata                                            ;00001;00000;00000;00000;00000;00000120;00000000;00000000;00000000;00000000;00000;00000;
02;50;9;134;99;Langa del Castillo                                ;00001;00000;00000;00000;00000;00000128;00000000;00000000;00000000;00000000;00000;00000;
02;50;9;135;99;Layana                                            ;00001;00000;00000;00000;00000;00000101;00000000;00000000;00000000;00000000;00000;00000;
02;50;9;136;99;Lécera                                            ;00001;00000;00000;00000;00000;00000598;00000000;00000000;00000000;00000000;00000;00000;
02;50;9;137;99;Leciñena                                          ;00001;00000;00000;00000;00000;00001051;00000000;00000000;00000000;00000000;00000;00000;
02;50;9;138;99;Lechón                                            ;00001;00000;00000;00000;00000;00000046;00000000;00000000;00000000;00000000;00000;00000;
02;50;9;139;99;Letux                                             ;00001;00000;00000;00000;00000;00000331;00000000;00000000;00000000;00000000;00000;00000;
02;50;9;140;99;Litago                                            ;00001;00000;00000;00000;00000;00000167;00000000;00000000;00000000;00000000;00000;00000;
02;50;9;141;99;Lituénigo                                         ;00001;00000;00000;00000;00000;00000116;00000000;00000000;00000000;00000000;00000;00000;
02;50;9;142;99;Lobera de Onsella                                 ;00001;00000;00000;00000;00000;00000033;00000000;00000000;00000000;00000000;00000;00000;
02;50;9;143;99;Longares                                          ;00001;00000;00000;00000;00000;00000588;00000000;00000000;00000000;00000000;00000;00000;
02;50;9;144;99;Longás                                            ;00001;00000;00000;00000;00000;00000035;00000000;00000000;00000000;00000000;00000;00000;
02;50;9;146;99;Lucena de Jalón                                   ;00001;00000;00000;00000;00000;00000201;00000000;00000000;00000000;00000000;00000;00000;
02;50;9;147;99;Luceni                                            ;00001;00000;00000;00000;00000;00000808;00000000;00000000;00000000;00000000;00000;00000;
02;50;9;148;99;Luesia                                            ;00001;00000;00000;00000;00000;00000324;00000000;00000000;00000000;00000000;00000;00000;
02;50;9;149;99;Luesma                                            ;00001;00000;00000;00000;00000;00000046;00000000;00000000;00000000;00000000;00000;00000;
02;50;9;150;99;Lumpiaque                                         ;00001;00000;00000;00000;00000;00000703;00000000;00000000;00000000;00000000;00000;00000;
02;50;9;151;99;Luna                                              ;00001;00000;00000;00000;00000;00000674;00000000;00000000;00000000;00000000;00000;00000;
02;50;9;152;99;Maella                                            ;00002;00000;00000;00000;00000;00001517;00000000;00000000;00000000;00000000;00000;00000;
02;50;9;153;99;Magallón                                          ;00001;00000;00000;00000;00000;00000979;00000000;00000000;00000000;00000000;00000;00000;
02;50;9;154;99;Mainar                                            ;00001;00000;00000;00000;00000;00000127;00000000;00000000;00000000;00000000;00000;00000;
02;50;9;155;99;Malanquilla                                       ;00001;00000;00000;00000;00000;00000109;00000000;00000000;00000000;00000000;00000;00000;
02;50;9;156;99;Maleján                                           ;00001;00000;00000;00000;00000;00000228;00000000;00000000;00000000;00000000;00000;00000;
02;50;9;157;99;Malón                                             ;00001;00000;00000;00000;00000;00000303;00000000;00000000;00000000;00000000;00000;00000;
02;50;9;159;99;Maluenda                                          ;00001;00000;00000;00000;00000;00000738;00000000;00000000;00000000;00000000;00000;00000;
02;50;9;160;99;Mallén                                            ;00003;00000;00000;00000;00000;00002436;00000000;00000000;00000000;00000000;00000;00000;
02;50;9;161;99;Manchones                                         ;00001;00000;00000;00000;00000;00000107;00000000;00000000;00000000;00000000;00000;00000;
02;50;9;162;99;Mara                                              ;00001;00000;00000;00000;00000;00000148;00000000;00000000;00000000;00000000;00000;00000;
02;50;9;163;99;María de Huerva                                   ;00004;00000;00000;00000;00000;00003642;00000000;00000000;00000000;00000000;00000;00000;
02;50;9;164;99;Mediana de Aragón                                 ;00001;00000;00000;00000;00000;00000408;00000000;00000000;00000000;00000000;00000;00000;
02;50;9;165;99;Mequinenza                                        ;00002;00000;00000;00000;00000;00001841;00000000;00000000;00000000;00000000;00000;00000;
02;50;9;166;99;Mesones de Isuela                                 ;00001;00000;00000;00000;00000;00000270;00000000;00000000;00000000;00000000;00000;00000;
02;50;9;167;99;Mezalocha                                         ;00001;00000;00000;00000;00000;00000234;00000000;00000000;00000000;00000000;00000;00000;
02;50;9;168;99;Mianos                                            ;00001;00000;00000;00000;00000;00000030;00000000;00000000;00000000;00000000;00000;00000;
02;50;9;169;99;Miedes de Aragón                                  ;00001;00000;00000;00000;00000;00000367;00000000;00000000;00000000;00000000;00000;00000;
02;50;9;170;99;Monegrillo                                        ;00001;00000;00000;00000;00000;00000392;00000000;00000000;00000000;00000000;00000;00000;
02;50;9;171;99;Moneva                                            ;00001;00000;00000;00000;00000;00000110;00000000;00000000;00000000;00000000;00000;00000;
02;50;9;172;99;Monreal de Ariza                                  ;00001;00000;00000;00000;00000;00000207;00000000;00000000;00000000;00000000;00000;00000;
02;50;9;173;99;Monterde                                          ;00001;00000;00000;00000;00000;00000156;00000000;00000000;00000000;00000000;00000;00000;
02;50;9;174;99;Montón                                            ;00001;00000;00000;00000;00000;00000104;00000000;00000000;00000000;00000000;00000;00000;
02;50;9;175;99;Morata de Jalón                                   ;00001;00000;00000;00000;00000;00001043;00000000;00000000;00000000;00000000;00000;00000;
02;50;9;176;99;Morata de Jiloca                                  ;00001;00000;00000;00000;00000;00000234;00000000;00000000;00000000;00000000;00000;00000;
02;50;9;177;99;Morés                                             ;00001;00000;00000;00000;00000;00000335;00000000;00000000;00000000;00000000;00000;00000;
02;50;9;178;99;Moros                                             ;00001;00000;00000;00000;00000;00000320;00000000;00000000;00000000;00000000;00000;00000;
02;50;9;179;99;Moyuela                                           ;00001;00000;00000;00000;00000;00000254;00000000;00000000;00000000;00000000;00000;00000;
02;50;9;180;99;Mozota                                            ;00001;00000;00000;00000;00000;00000117;00000000;00000000;00000000;00000000;00000;00000;
02;50;9;181;99;Muel                                              ;00001;00000;00000;00000;00000;00001022;00000000;00000000;00000000;00000000;00000;00000;
02;50;9;182;99;La Muela                                          ;00004;00000;00000;00000;00000;00003511;00000000;00000000;00000000;00000000;00000;00000;
02;50;9;183;99;Munébrega                                         ;00001;00000;00000;00000;00000;00000345;00000000;00000000;00000000;00000000;00000;00000;
02;50;9;184;99;Murero                                            ;00001;00000;00000;00000;00000;00000124;00000000;00000000;00000000;00000000;00000;00000;
02;50;9;185;99;Murillo de Gállego                                ;00001;00000;00000;00000;00000;00000144;00000000;00000000;00000000;00000000;00000;00000;
02;50;9;186;99;Navardún                                          ;00001;00000;00000;00000;00000;00000042;00000000;00000000;00000000;00000000;00000;00000;
02;50;9;187;99;Nigüella                                          ;00001;00000;00000;00000;00000;00000069;00000000;00000000;00000000;00000000;00000;00000;
02;50;9;188;99;Nombrevilla                                       ;00001;00000;00000;00000;00000;00000033;00000000;00000000;00000000;00000000;00000;00000;
02;50;9;189;99;Nonaspe                                           ;00001;00000;00000;00000;00000;00000747;00000000;00000000;00000000;00000000;00000;00000;
02;50;9;190;99;Novallas                                          ;00001;00000;00000;00000;00000;00000735;00000000;00000000;00000000;00000000;00000;00000;
02;50;9;191;99;Novillas                                          ;00001;00000;00000;00000;00000;00000488;00000000;00000000;00000000;00000000;00000;00000;
02;50;9;192;99;Nuévalos                                          ;00001;00000;00000;00000;00000;00000240;00000000;00000000;00000000;00000000;00000;00000;
02;50;9;193;99;Nuez de Ebro                                      ;00001;00000;00000;00000;00000;00000654;00000000;00000000;00000000;00000000;00000;00000;
02;50;9;194;99;Olvés                                             ;00001;00000;00000;00000;00000;00000097;00000000;00000000;00000000;00000000;00000;00000;
02;50;9;195;99;Orcajo                                            ;00001;00000;00000;00000;00000;00000054;00000000;00000000;00000000;00000000;00000;00000;
02;50;9;196;99;Orera                                             ;00001;00000;00000;00000;00000;00000113;00000000;00000000;00000000;00000000;00000;00000;
02;50;9;197;99;Orés                                              ;00001;00000;00000;00000;00000;00000096;00000000;00000000;00000000;00000000;00000;00000;
02;50;9;198;99;Oseja                                             ;00001;00000;00000;00000;00000;00000051;00000000;00000000;00000000;00000000;00000;00000;
02;50;9;199;99;Osera de Ebro                                     ;00001;00000;00000;00000;00000;00000350;00000000;00000000;00000000;00000000;00000;00000;
02;50;9;200;99;Paniza                                            ;00001;00000;00000;00000;00000;00000517;00000000;00000000;00000000;00000000;00000;00000;
02;50;9;201;99;Paracuellos de Jiloca                             ;00001;00000;00000;00000;00000;00000457;00000000;00000000;00000000;00000000;00000;00000;
02;50;9;202;99;Paracuellos de la Ribera                          ;00001;00000;00000;00000;00000;00000164;00000000;00000000;00000000;00000000;00000;00000;
02;50;9;203;99;Pastriz                                           ;00001;00000;00000;00000;00000;00001047;00000000;00000000;00000000;00000000;00000;00000;
02;50;9;204;99;Pedrola                                           ;00003;00000;00000;00000;00000;00002514;00000000;00000000;00000000;00000000;00000;00000;
02;50;9;205;99;Las Pedrosas                                      ;00001;00000;00000;00000;00000;00000099;00000000;00000000;00000000;00000000;00000;00000;
02;50;9;206;99;Perdiguera                                        ;00001;00000;00000;00000;00000;00000473;00000000;00000000;00000000;00000000;00000;00000;
02;50;9;207;99;Piedratajada                                      ;00001;00000;00000;00000;00000;00000106;00000000;00000000;00000000;00000000;00000;00000;
02;50;9;208;99;Pina de Ebro                                      ;00003;00000;00000;00000;00000;00001815;00000000;00000000;00000000;00000000;00000;00000;
02;50;9;209;99;Pinseque                                          ;00003;00000;00000;00000;00000;00002564;00000000;00000000;00000000;00000000;00000;00000;
02;50;9;210;99;Los Pintanos                                      ;00001;00000;00000;00000;00000;00000042;00000000;00000000;00000000;00000000;00000;00000;
02;50;9;211;99;Plasencia de Jalón                                ;00001;00000;00000;00000;00000;00000285;00000000;00000000;00000000;00000000;00000;00000;
02;50;9;212;99;Pleitas                                           ;00001;00000;00000;00000;00000;00000042;00000000;00000000;00000000;00000000;00000;00000;
02;50;9;213;99;Plenas                                            ;00001;00000;00000;00000;00000;00000108;00000000;00000000;00000000;00000000;00000;00000;
02;50;9;214;99;Pomer                                             ;00001;00000;00000;00000;00000;00000029;00000000;00000000;00000000;00000000;00000;00000;
02;50;9;215;99;Pozuel de Ariza                                   ;00001;00000;00000;00000;00000;00000023;00000000;00000000;00000000;00000000;00000;00000;
02;50;9;216;99;Pozuelo de Aragón                                 ;00001;00000;00000;00000;00000;00000246;00000000;00000000;00000000;00000000;00000;00000;
02;50;9;217;99;Pradilla de Ebro                                  ;00001;00000;00000;00000;00000;00000470;00000000;00000000;00000000;00000000;00000;00000;
02;50;9;218;99;Puebla de Albortón                                ;00001;00000;00000;00000;00000;00000116;00000000;00000000;00000000;00000000;00000;00000;
02;50;9;219;99;La Puebla de Alfindén                             ;00005;00000;00000;00000;00000;00003987;00000000;00000000;00000000;00000000;00000;00000;
02;50;9;220;99;Puendeluna                                        ;00001;00000;00000;00000;00000;00000051;00000000;00000000;00000000;00000000;00000;00000;
02;50;9;221;99;Purujosa                                          ;00001;00000;00000;00000;00000;00000035;00000000;00000000;00000000;00000000;00000;00000;
02;50;9;222;99;Quinto                                            ;00002;00000;00000;00000;00000;00001659;00000000;00000000;00000000;00000000;00000;00000;
02;50;9;223;99;Remolinos                                         ;00001;00000;00000;00000;00000;00000943;00000000;00000000;00000000;00000000;00000;00000;
02;50;9;224;99;Retascón                                          ;00001;00000;00000;00000;00000;00000070;00000000;00000000;00000000;00000000;00000;00000;
02;50;9;225;99;Ricla                                             ;00002;00000;00000;00000;00000;00001627;00000000;00000000;00000000;00000000;00000;00000;
02;50;9;227;99;Romanos                                           ;00001;00000;00000;00000;00000;00000096;00000000;00000000;00000000;00000000;00000;00000;
02;50;9;228;99;Rueda de Jalón                                    ;00001;00000;00000;00000;00000;00000282;00000000;00000000;00000000;00000000;00000;00000;
02;50;9;229;99;Ruesca                                            ;00001;00000;00000;00000;00000;00000061;00000000;00000000;00000000;00000000;00000;00000;
02;50;9;230;99;Sádaba                                            ;00002;00000;00000;00000;00000;00001205;00000000;00000000;00000000;00000000;00000;00000;
02;50;9;231;99;Salillas de Jalón                                 ;00001;00000;00000;00000;00000;00000272;00000000;00000000;00000000;00000000;00000;00000;
02;50;9;232;99;Salvatierra de Esca                               ;00001;00000;00000;00000;00000;00000174;00000000;00000000;00000000;00000000;00000;00000;
02;50;9;233;99;Samper del Salz                                   ;00001;00000;00000;00000;00000;00000099;00000000;00000000;00000000;00000000;00000;00000;
02;50;9;234;99;San Martín de la Virgen de Moncayo                ;00001;00000;00000;00000;00000;00000245;00000000;00000000;00000000;00000000;00000;00000;
02;50;9;235;99;San Mateo de Gállego                              ;00003;00000;00000;00000;00000;00002370;00000000;00000000;00000000;00000000;00000;00000;
02;50;9;236;99;Santa Cruz de Grío                                ;00001;00000;00000;00000;00000;00000110;00000000;00000000;00000000;00000000;00000;00000;
02;50;9;237;99;Santa Cruz de Moncayo                             ;00001;00000;00000;00000;00000;00000102;00000000;00000000;00000000;00000000;00000;00000;
02;50;9;238;99;Santa Eulalia de Gállego                          ;00001;00000;00000;00000;00000;00000118;00000000;00000000;00000000;00000000;00000;00000;
02;50;9;239;99;Santed                                            ;00001;00000;00000;00000;00000;00000061;00000000;00000000;00000000;00000000;00000;00000;
02;50;9;240;99;Sástago                                           ;00001;00000;00000;00000;00000;00001064;00000000;00000000;00000000;00000000;00000;00000;
02;50;9;241;99;Sabiñán                                           ;00001;00000;00000;00000;00000;00000615;00000000;00000000;00000000;00000000;00000;00000;
02;50;9;242;99;Sediles                                           ;00001;00000;00000;00000;00000;00000099;00000000;00000000;00000000;00000000;00000;00000;
02;50;9;243;99;Sestrica                                          ;00001;00000;00000;00000;00000;00000353;00000000;00000000;00000000;00000000;00000;00000;
02;50;9;244;99;Sierra de Luna                                    ;00001;00000;00000;00000;00000;00000213;00000000;00000000;00000000;00000000;00000;00000;
02;50;9;245;99;Sigüés                                            ;00001;00000;00000;00000;00000;00000101;00000000;00000000;00000000;00000000;00000;00000;
02;50;9;246;99;Sisamón                                           ;00001;00000;00000;00000;00000;00000043;00000000;00000000;00000000;00000000;00000;00000;
02;50;9;247;99;Sobradiel                                         ;00001;00000;00000;00000;00000;00000823;00000000;00000000;00000000;00000000;00000;00000;
02;50;9;248;99;Sos del Rey Católico                              ;00001;00000;00000;00000;00000;00000535;00000000;00000000;00000000;00000000;00000;00000;
02;50;9;249;99;Tabuenca                                          ;00001;00000;00000;00000;00000;00000328;00000000;00000000;00000000;00000000;00000;00000;
02;50;9;250;99;Talamantes                                        ;00001;00000;00000;00000;00000;00000055;00000000;00000000;00000000;00000000;00000;00000;
02;50;9;251;99;Tarazona                                          ;00011;00000;00000;00000;00000;00008287;00000000;00000000;00000000;00000000;00000;00000;
02;50;9;252;99;Tauste                                            ;00009;00000;00000;00000;00000;00005290;00000000;00000000;00000000;00000000;00000;00000;
02;50;9;253;99;Terrer                                            ;00001;00000;00000;00000;00000;00000454;00000000;00000000;00000000;00000000;00000;00000;
02;50;9;254;99;Tierga                                            ;00001;00000;00000;00000;00000;00000180;00000000;00000000;00000000;00000000;00000;00000;
02;50;9;255;99;Tobed                                             ;00001;00000;00000;00000;00000;00000218;00000000;00000000;00000000;00000000;00000;00000;
02;50;9;256;99;Torralba de los Frailes                           ;00001;00000;00000;00000;00000;00000087;00000000;00000000;00000000;00000000;00000;00000;
02;50;9;257;99;Torralba de Ribota                                ;00001;00000;00000;00000;00000;00000173;00000000;00000000;00000000;00000000;00000;00000;
02;50;9;258;99;Torralbilla                                       ;00001;00000;00000;00000;00000;00000054;00000000;00000000;00000000;00000000;00000;00000;
02;50;9;259;99;Torrehermosa                                      ;00001;00000;00000;00000;00000;00000088;00000000;00000000;00000000;00000000;00000;00000;
02;50;9;260;99;Torrelapaja                                       ;00001;00000;00000;00000;00000;00000035;00000000;00000000;00000000;00000000;00000;00000;
02;50;9;261;99;Torrellas                                         ;00001;00000;00000;00000;00000;00000233;00000000;00000000;00000000;00000000;00000;00000;
02;50;9;262;99;Torres de Berrellén                               ;00002;00000;00000;00000;00000;00001205;00000000;00000000;00000000;00000000;00000;00000;
02;50;9;263;99;Torrijo de la Cañada                              ;00001;00000;00000;00000;00000;00000223;00000000;00000000;00000000;00000000;00000;00000;
02;50;9;264;99;Tosos                                             ;00001;00000;00000;00000;00000;00000168;00000000;00000000;00000000;00000000;00000;00000;
02;50;9;265;99;Trasmoz                                           ;00001;00000;00000;00000;00000;00000063;00000000;00000000;00000000;00000000;00000;00000;
02;50;9;266;99;Trasobares                                        ;00001;00000;00000;00000;00000;00000135;00000000;00000000;00000000;00000000;00000;00000;
02;50;9;267;99;Uncastillo                                        ;00001;00000;00000;00000;00000;00000609;00000000;00000000;00000000;00000000;00000;00000;
02;50;9;268;99;Undués de Lerda                                   ;00001;00000;00000;00000;00000;00000050;00000000;00000000;00000000;00000000;00000;00000;
02;50;9;269;99;Urrea de Jalón                                    ;00001;00000;00000;00000;00000;00000297;00000000;00000000;00000000;00000000;00000;00000;
02;50;9;270;99;Urriés                                            ;00001;00000;00000;00000;00000;00000037;00000000;00000000;00000000;00000000;00000;00000;
02;50;9;271;99;Used                                              ;00001;00000;00000;00000;00000;00000265;00000000;00000000;00000000;00000000;00000;00000;
02;50;9;272;99;Utebo                                             ;00016;00000;00000;00000;00000;00012831;00000000;00000000;00000000;00000000;00000;00000;
02;50;9;273;99;Valdehorna                                        ;00001;00000;00000;00000;00000;00000030;00000000;00000000;00000000;00000000;00000;00000;
02;50;9;274;99;Val de San Martín                                 ;00001;00000;00000;00000;00000;00000072;00000000;00000000;00000000;00000000;00000;00000;
02;50;9;275;99;Valmadrid                                         ;00001;00000;00000;00000;00000;00000123;00000000;00000000;00000000;00000000;00000;00000;
02;50;9;276;99;Valpalmas                                         ;00001;00000;00000;00000;00000;00000133;00000000;00000000;00000000;00000000;00000;00000;
02;50;9;277;99;Valtorres                                         ;00001;00000;00000;00000;00000;00000067;00000000;00000000;00000000;00000000;00000;00000;
02;50;9;278;99;Velilla de Ebro                                   ;00001;00000;00000;00000;00000;00000203;00000000;00000000;00000000;00000000;00000;00000;
02;50;9;279;99;Velilla de Jiloca                                 ;00001;00000;00000;00000;00000;00000100;00000000;00000000;00000000;00000000;00000;00000;
02;50;9;280;99;Vera de Moncayo                                   ;00001;00000;00000;00000;00000;00000341;00000000;00000000;00000000;00000000;00000;00000;
02;50;9;281;99;Vierlas                                           ;00001;00000;00000;00000;00000;00000081;00000000;00000000;00000000;00000000;00000;00000;
02;50;9;282;99;La Vilueña                                        ;00001;00000;00000;00000;00000;00000074;00000000;00000000;00000000;00000000;00000;00000;
02;50;9;283;99;Villadoz                                          ;00001;00000;00000;00000;00000;00000080;00000000;00000000;00000000;00000000;00000;00000;
02;50;9;284;99;Villafeliche                                      ;00001;00000;00000;00000;00000;00000173;00000000;00000000;00000000;00000000;00000;00000;
02;50;9;285;99;Villafranca de Ebro                               ;00001;00000;00000;00000;00000;00000646;00000000;00000000;00000000;00000000;00000;00000;
02;50;9;286;99;Villalba de Perejil                               ;00001;00000;00000;00000;00000;00000088;00000000;00000000;00000000;00000000;00000;00000;
02;50;9;287;99;Villalengua                                       ;00001;00000;00000;00000;00000;00000286;00000000;00000000;00000000;00000000;00000;00000;
02;50;9;288;99;Villanueva de Gállego                             ;00004;00000;00000;00000;00000;00003390;00000000;00000000;00000000;00000000;00000;00000;
02;50;9;289;99;Villanueva de Jiloca                              ;00001;00000;00000;00000;00000;00000051;00000000;00000000;00000000;00000000;00000;00000;
02;50;9;290;99;Villanueva de Huerva                              ;00001;00000;00000;00000;00000;00000410;00000000;00000000;00000000;00000000;00000;00000;
02;50;9;291;99;Villar de los Navarros                            ;00001;00000;00000;00000;00000;00000106;00000000;00000000;00000000;00000000;00000;00000;
02;50;9;292;99;Villarreal de Huerva                              ;00001;00000;00000;00000;00000;00000132;00000000;00000000;00000000;00000000;00000;00000;
02;50;9;293;99;Villarroya de la Sierra                           ;00001;00000;00000;00000;00000;00000452;00000000;00000000;00000000;00000000;00000;00000;
02;50;9;294;99;Villarroya del Campo                              ;00001;00000;00000;00000;00000;00000080;00000000;00000000;00000000;00000000;00000;00000;
02;50;9;295;99;Vistabella                                        ;00001;00000;00000;00000;00000;00000047;00000000;00000000;00000000;00000000;00000;00000;
02;50;9;296;99;La Zaida                                          ;00001;00000;00000;00000;00000;00000399;00000000;00000000;00000000;00000000;00000;00000;
02;50;9;297;01;Casco Viejo                                       ;00035;00000;00000;00000;00000;00000000;00000000;00000000;00000000;00000000;00000;00000;
02;50;9;297;02;Centro                                            ;00051;00000;00000;00000;00000;00000000;00000000;00000000;00000000;00000000;00000;00000;
02;50;9;297;03;Delicias                                          ;00095;00000;00000;00000;00000;00000000;00000000;00000000;00000000;00000000;00000;00000;
02;50;9;297;04;Universidad                                       ;00081;00000;00000;00000;00000;00000000;00000000;00000000;00000000;00000000;00000;00000;
02;50;9;297;05;San José                                          ;00061;00000;00000;00000;00000;00000000;00000000;00000000;00000000;00000000;00000;00000;
02;50;9;297;06;Las Fuentes                                       ;00041;00000;00000;00000;00000;00000000;00000000;00000000;00000000;00000000;00000;00000;
02;50;9;297;07;Aljafería                                         ;00026;00000;00000;00000;00000;00000000;00000000;00000000;00000000;00000000;00000;00000;
02;50;9;297;08;Vía Hispanidad                                    ;00036;00000;00000;00000;00000;00000000;00000000;00000000;00000000;00000000;00000;00000;
02;50;9;297;09;Torrero                                           ;00032;00000;00000;00000;00000;00000000;00000000;00000000;00000000;00000000;00000;00000;
02;50;9;297;10;Actur-Arrabal                                     ;00124;00000;00000;00000;00000;00000000;00000000;00000000;00000000;00000000;00000;00000;
02;50;9;297;11;Barr.Zona Norte                                   ;00022;00000;00000;00000;00000;00000000;00000000;00000000;00000000;00000000;00000;00000;
02;50;9;297;12;Barr.Zona Oeste                                   ;00013;00000;00000;00000;00000;00000000;00000000;00000000;00000000;00000000;00000;00000;
02;50;9;297;99;Zaragoza                                          ;00617;00000;00000;00000;00000;00498914;00000000;00000000;00000000;00000000;00000;00000;
02;50;9;298;99;Zuera                                             ;00007;00000;00000;00000;00000;00005599;00000000;00000000;00000000;00000000;00000;00000;
02;50;9;901;99;Biel                                              ;00001;00000;00000;00000;00000;00000152;00000000;00000000;00000000;00000000;00000;00000;
02;50;9;902;99;Marracos                                          ;00001;00000;00000;00000;00000;00000092;00000000;00000000;00000000;00000000;00000;00000;
02;50;9;903;99;Villamayor de Gállego                             ;00002;00000;00000;00000;00000;00002262;00000000;00000000;00000000;00000000;00000;00000;
