08;05;9;001;99;Adanero                                           ;00001;00000;00000;00000;00000;00000184;00000000;00000000;00000000;00000000;00000;00000;
08;05;9;002;99;La Adrada                                         ;00002;00000;00000;00000;00000;00002001;00000000;00000000;00000000;00000000;00000;00000;
08;05;9;005;99;Albornos                                          ;00001;00000;00000;00000;00000;00000191;00000000;00000000;00000000;00000000;00000;00000;
08;05;9;007;99;Aldeanueva de Santa Cruz                          ;00001;00000;00000;00000;00000;00000119;00000000;00000000;00000000;00000000;00000;00000;
08;05;9;008;99;Aldeaseca                                         ;00001;00000;00000;00000;00000;00000224;00000000;00000000;00000000;00000000;00000;00000;
08;05;9;010;99;La Aldehuela                                      ;00001;00000;00000;00000;00000;00000155;00000000;00000000;00000000;00000000;00000;00000;
08;05;9;012;99;Amavida                                           ;00001;00000;00000;00000;00000;00000144;00000000;00000000;00000000;00000000;00000;00000;
08;05;9;013;99;El Arenal                                         ;00001;00000;00000;00000;00000;00000884;00000000;00000000;00000000;00000000;00000;00000;
08;05;9;014;99;Arenas de San Pedro                               ;00007;00000;00000;00000;00000;00005504;00000000;00000000;00000000;00000000;00000;00000;
08;05;9;015;99;Arevalillo                                        ;00001;00000;00000;00000;00000;00000087;00000000;00000000;00000000;00000000;00000;00000;
08;05;9;016;99;Arévalo                                           ;00008;00000;00000;00000;00000;00006336;00000000;00000000;00000000;00000000;00000;00000;
08;05;9;017;99;Aveinte                                           ;00001;00000;00000;00000;00000;00000086;00000000;00000000;00000000;00000000;00000;00000;
08;05;9;018;99;Avellaneda                                        ;00001;00000;00000;00000;00000;00000027;00000000;00000000;00000000;00000000;00000;00000;
08;05;9;019;99;Ávila                                             ;00057;00000;00000;00000;00000;00044448;00000000;00000000;00000000;00000000;00000;00000;
08;05;9;021;99;El Barco de Ávila                                 ;00002;00000;00000;00000;00000;00002007;00000000;00000000;00000000;00000000;00000;00000;
08;05;9;022;99;El Barraco                                        ;00002;00000;00000;00000;00000;00001640;00000000;00000000;00000000;00000000;00000;00000;
08;05;9;023;99;Barromán                                          ;00001;00000;00000;00000;00000;00000176;00000000;00000000;00000000;00000000;00000;00000;
08;05;9;024;99;Becedas                                           ;00001;00000;00000;00000;00000;00000246;00000000;00000000;00000000;00000000;00000;00000;
08;05;9;025;99;Becedillas                                        ;00001;00000;00000;00000;00000;00000099;00000000;00000000;00000000;00000000;00000;00000;
08;05;9;026;99;Bercial de Zapardiel                              ;00001;00000;00000;00000;00000;00000209;00000000;00000000;00000000;00000000;00000;00000;
08;05;9;027;99;Las Berlanas                                      ;00001;00000;00000;00000;00000;00000281;00000000;00000000;00000000;00000000;00000;00000;
08;05;9;029;99;Bernuy-Zapardiel                                  ;00001;00000;00000;00000;00000;00000128;00000000;00000000;00000000;00000000;00000;00000;
08;05;9;030;99;Berrocalejo de Aragona                            ;00001;00000;00000;00000;00000;00000043;00000000;00000000;00000000;00000000;00000;00000;
08;05;9;033;99;Blascomillán                                      ;00001;00000;00000;00000;00000;00000178;00000000;00000000;00000000;00000000;00000;00000;
08;05;9;034;99;Blasconuño de Matacabras                          ;00001;00000;00000;00000;00000;00000016;00000000;00000000;00000000;00000000;00000;00000;
08;05;9;035;99;Blascosancho                                      ;00001;00000;00000;00000;00000;00000106;00000000;00000000;00000000;00000000;00000;00000;
08;05;9;036;99;El Bohodón                                        ;00001;00000;00000;00000;00000;00000121;00000000;00000000;00000000;00000000;00000;00000;
08;05;9;037;99;Bohoyo                                            ;00001;00000;00000;00000;00000;00000282;00000000;00000000;00000000;00000000;00000;00000;
08;05;9;038;99;Bonilla de la Sierra                              ;00001;00000;00000;00000;00000;00000121;00000000;00000000;00000000;00000000;00000;00000;
08;05;9;039;99;Brabos                                            ;00001;00000;00000;00000;00000;00000053;00000000;00000000;00000000;00000000;00000;00000;
08;05;9;040;99;Bularros                                          ;00001;00000;00000;00000;00000;00000068;00000000;00000000;00000000;00000000;00000;00000;
08;05;9;041;99;Burgohondo                                        ;00001;00000;00000;00000;00000;00001032;00000000;00000000;00000000;00000000;00000;00000;
08;05;9;042;99;Cabezas de Alambre                                ;00001;00000;00000;00000;00000;00000152;00000000;00000000;00000000;00000000;00000;00000;
08;05;9;043;99;Cabezas del Pozo                                  ;00001;00000;00000;00000;00000;00000079;00000000;00000000;00000000;00000000;00000;00000;
08;05;9;044;99;Cabezas del Villar                                ;00001;00000;00000;00000;00000;00000272;00000000;00000000;00000000;00000000;00000;00000;
08;05;9;045;99;Cabizuela                                         ;00001;00000;00000;00000;00000;00000096;00000000;00000000;00000000;00000000;00000;00000;
08;05;9;046;99;Canales                                           ;00001;00000;00000;00000;00000;00000046;00000000;00000000;00000000;00000000;00000;00000;
08;05;9;047;99;Candeleda                                         ;00005;00000;00000;00000;00000;00004242;00000000;00000000;00000000;00000000;00000;00000;
08;05;9;048;99;Cantiveros                                        ;00001;00000;00000;00000;00000;00000126;00000000;00000000;00000000;00000000;00000;00000;
08;05;9;049;99;Cardeñosa                                         ;00001;00000;00000;00000;00000;00000416;00000000;00000000;00000000;00000000;00000;00000;
08;05;9;051;99;La Carrera                                        ;00001;00000;00000;00000;00000;00000186;00000000;00000000;00000000;00000000;00000;00000;
08;05;9;052;99;Casas del Puerto                                  ;00001;00000;00000;00000;00000;00000099;00000000;00000000;00000000;00000000;00000;00000;
08;05;9;053;99;Casasola                                          ;00001;00000;00000;00000;00000;00000087;00000000;00000000;00000000;00000000;00000;00000;
08;05;9;054;99;Casavieja                                         ;00002;00000;00000;00000;00000;00001269;00000000;00000000;00000000;00000000;00000;00000;
08;05;9;055;99;Casillas                                          ;00001;00000;00000;00000;00000;00000597;00000000;00000000;00000000;00000000;00000;00000;
08;05;9;056;99;Castellanos de Zapardiel                          ;00001;00000;00000;00000;00000;00000091;00000000;00000000;00000000;00000000;00000;00000;
08;05;9;057;99;Cebreros                                          ;00003;00000;00000;00000;00000;00002511;00000000;00000000;00000000;00000000;00000;00000;
08;05;9;058;99;Cepeda la Mora                                    ;00001;00000;00000;00000;00000;00000084;00000000;00000000;00000000;00000000;00000;00000;
08;05;9;059;99;Cillán                                            ;00001;00000;00000;00000;00000;00000103;00000000;00000000;00000000;00000000;00000;00000;
08;05;9;060;99;Cisla                                             ;00001;00000;00000;00000;00000;00000118;00000000;00000000;00000000;00000000;00000;00000;
08;05;9;061;99;La Colilla                                        ;00001;00000;00000;00000;00000;00000260;00000000;00000000;00000000;00000000;00000;00000;
08;05;9;062;99;Collado de Contreras                              ;00001;00000;00000;00000;00000;00000196;00000000;00000000;00000000;00000000;00000;00000;
08;05;9;063;99;Collado del Mirón                                 ;00001;00000;00000;00000;00000;00000037;00000000;00000000;00000000;00000000;00000;00000;
08;05;9;064;99;Constanzana                                       ;00001;00000;00000;00000;00000;00000107;00000000;00000000;00000000;00000000;00000;00000;
08;05;9;065;99;Crespos                                           ;00001;00000;00000;00000;00000;00000481;00000000;00000000;00000000;00000000;00000;00000;
08;05;9;066;99;Cuevas del Valle                                  ;00001;00000;00000;00000;00000;00000472;00000000;00000000;00000000;00000000;00000;00000;
08;05;9;067;99;Chamartín                                         ;00001;00000;00000;00000;00000;00000081;00000000;00000000;00000000;00000000;00000;00000;
08;05;9;069;99;Donjimeno                                         ;00001;00000;00000;00000;00000;00000082;00000000;00000000;00000000;00000000;00000;00000;
08;05;9;070;99;Donvidas                                          ;00001;00000;00000;00000;00000;00000034;00000000;00000000;00000000;00000000;00000;00000;
08;05;9;072;99;Espinosa de los Caballeros                        ;00001;00000;00000;00000;00000;00000088;00000000;00000000;00000000;00000000;00000;00000;
08;05;9;073;99;Flores de Ávila                                   ;00001;00000;00000;00000;00000;00000303;00000000;00000000;00000000;00000000;00000;00000;
08;05;9;074;99;Fontiveros                                        ;00001;00000;00000;00000;00000;00000723;00000000;00000000;00000000;00000000;00000;00000;
08;05;9;075;99;Fresnedilla                                       ;00001;00000;00000;00000;00000;00000102;00000000;00000000;00000000;00000000;00000;00000;
08;05;9;076;99;El Fresno                                         ;00001;00000;00000;00000;00000;00000487;00000000;00000000;00000000;00000000;00000;00000;
08;05;9;077;99;Fuente el Saúz                                    ;00001;00000;00000;00000;00000;00000178;00000000;00000000;00000000;00000000;00000;00000;
08;05;9;078;99;Fuentes de Año                                    ;00001;00000;00000;00000;00000;00000123;00000000;00000000;00000000;00000000;00000;00000;
08;05;9;079;99;Gallegos de Altamiros                             ;00001;00000;00000;00000;00000;00000069;00000000;00000000;00000000;00000000;00000;00000;
08;05;9;080;99;Gallegos de Sobrinos                              ;00001;00000;00000;00000;00000;00000063;00000000;00000000;00000000;00000000;00000;00000;
08;05;9;081;99;Garganta del Villar                               ;00001;00000;00000;00000;00000;00000040;00000000;00000000;00000000;00000000;00000;00000;
08;05;9;082;99;Gavilanes                                         ;00001;00000;00000;00000;00000;00000542;00000000;00000000;00000000;00000000;00000;00000;
08;05;9;083;99;Gemuño                                            ;00001;00000;00000;00000;00000;00000151;00000000;00000000;00000000;00000000;00000;00000;
08;05;9;084;99;Gilbuena                                          ;00001;00000;00000;00000;00000;00000078;00000000;00000000;00000000;00000000;00000;00000;
08;05;9;085;99;Gil García                                        ;00001;00000;00000;00000;00000;00000034;00000000;00000000;00000000;00000000;00000;00000;
08;05;9;086;99;Gimialcón                                         ;00001;00000;00000;00000;00000;00000086;00000000;00000000;00000000;00000000;00000;00000;
08;05;9;087;99;Gotarrendura                                      ;00001;00000;00000;00000;00000;00000141;00000000;00000000;00000000;00000000;00000;00000;
08;05;9;088;99;Grandes y San Martín                              ;00001;00000;00000;00000;00000;00000034;00000000;00000000;00000000;00000000;00000;00000;
08;05;9;089;99;Guisando                                          ;00001;00000;00000;00000;00000;00000486;00000000;00000000;00000000;00000000;00000;00000;
08;05;9;090;99;Gutierre-Muñoz                                    ;00001;00000;00000;00000;00000;00000083;00000000;00000000;00000000;00000000;00000;00000;
08;05;9;092;99;Hernansancho                                      ;00001;00000;00000;00000;00000;00000166;00000000;00000000;00000000;00000000;00000;00000;
08;05;9;093;99;Herradón de Pinares                               ;00001;00000;00000;00000;00000;00000427;00000000;00000000;00000000;00000000;00000;00000;
08;05;9;094;99;Herreros de Suso                                  ;00001;00000;00000;00000;00000;00000149;00000000;00000000;00000000;00000000;00000;00000;
08;05;9;095;99;Higuera de las Dueñas                             ;00001;00000;00000;00000;00000;00000277;00000000;00000000;00000000;00000000;00000;00000;
08;05;9;096;99;La Hija de Dios                                   ;00001;00000;00000;00000;00000;00000081;00000000;00000000;00000000;00000000;00000;00000;
08;05;9;097;99;La Horcajada                                      ;00001;00000;00000;00000;00000;00000470;00000000;00000000;00000000;00000000;00000;00000;
08;05;9;099;99;Horcajo de las Torres                             ;00001;00000;00000;00000;00000;00000515;00000000;00000000;00000000;00000000;00000;00000;
08;05;9;100;99;El Hornillo                                       ;00001;00000;00000;00000;00000;00000284;00000000;00000000;00000000;00000000;00000;00000;
08;05;9;101;99;Hoyocasero                                        ;00001;00000;00000;00000;00000;00000274;00000000;00000000;00000000;00000000;00000;00000;
08;05;9;102;99;El Hoyo de Pinares                                ;00002;00000;00000;00000;00000;00001812;00000000;00000000;00000000;00000000;00000;00000;
08;05;9;103;99;Hoyorredondo                                      ;00001;00000;00000;00000;00000;00000077;00000000;00000000;00000000;00000000;00000;00000;
08;05;9;104;99;Hoyos del Collado                                 ;00001;00000;00000;00000;00000;00000033;00000000;00000000;00000000;00000000;00000;00000;
08;05;9;105;99;Hoyos del Espino                                  ;00001;00000;00000;00000;00000;00000339;00000000;00000000;00000000;00000000;00000;00000;
08;05;9;106;99;Hoyos de Miguel Muñoz                             ;00001;00000;00000;00000;00000;00000037;00000000;00000000;00000000;00000000;00000;00000;
08;05;9;107;99;Hurtumpascual                                     ;00001;00000;00000;00000;00000;00000068;00000000;00000000;00000000;00000000;00000;00000;
08;05;9;108;99;Junciana                                          ;00001;00000;00000;00000;00000;00000054;00000000;00000000;00000000;00000000;00000;00000;
08;05;9;109;99;Langa                                             ;00001;00000;00000;00000;00000;00000456;00000000;00000000;00000000;00000000;00000;00000;
08;05;9;110;99;Lanzahíta                                         ;00001;00000;00000;00000;00000;00000719;00000000;00000000;00000000;00000000;00000;00000;
08;05;9;112;99;El Losar del Barco                                ;00001;00000;00000;00000;00000;00000102;00000000;00000000;00000000;00000000;00000;00000;
08;05;9;113;99;Los Llanos de Tormes                              ;00001;00000;00000;00000;00000;00000086;00000000;00000000;00000000;00000000;00000;00000;
08;05;9;114;99;Madrigal de las Altas Torres                      ;00002;00000;00000;00000;00000;00001363;00000000;00000000;00000000;00000000;00000;00000;
08;05;9;115;99;Maello                                            ;00001;00000;00000;00000;00000;00000564;00000000;00000000;00000000;00000000;00000;00000;
08;05;9;116;99;Malpartida de Corneja                             ;00001;00000;00000;00000;00000;00000123;00000000;00000000;00000000;00000000;00000;00000;
08;05;9;117;99;Mamblas                                           ;00001;00000;00000;00000;00000;00000206;00000000;00000000;00000000;00000000;00000;00000;
08;05;9;118;99;Mancera de Arriba                                 ;00001;00000;00000;00000;00000;00000092;00000000;00000000;00000000;00000000;00000;00000;
08;05;9;119;99;Manjabálago y Ortigosa de Rioalmar                ;00001;00000;00000;00000;00000;00000036;00000000;00000000;00000000;00000000;00000;00000;
08;05;9;120;99;Marlín                                            ;00001;00000;00000;00000;00000;00000035;00000000;00000000;00000000;00000000;00000;00000;
08;05;9;121;99;Martiherrero                                      ;00001;00000;00000;00000;00000;00000241;00000000;00000000;00000000;00000000;00000;00000;
08;05;9;122;99;Martínez                                          ;00001;00000;00000;00000;00000;00000150;00000000;00000000;00000000;00000000;00000;00000;
08;05;9;123;99;Mediana de Voltoya                                ;00001;00000;00000;00000;00000;00000090;00000000;00000000;00000000;00000000;00000;00000;
08;05;9;124;99;Medinilla                                         ;00001;00000;00000;00000;00000;00000115;00000000;00000000;00000000;00000000;00000;00000;
08;05;9;125;99;Mengamuñoz                                        ;00001;00000;00000;00000;00000;00000058;00000000;00000000;00000000;00000000;00000;00000;
08;05;9;126;99;Mesegar de Corneja                                ;00001;00000;00000;00000;00000;00000076;00000000;00000000;00000000;00000000;00000;00000;
08;05;9;127;99;Mijares                                           ;00001;00000;00000;00000;00000;00000670;00000000;00000000;00000000;00000000;00000;00000;
08;05;9;128;99;Mingorría                                         ;00001;00000;00000;00000;00000;00000365;00000000;00000000;00000000;00000000;00000;00000;
08;05;9;129;99;El Mirón                                          ;00001;00000;00000;00000;00000;00000141;00000000;00000000;00000000;00000000;00000;00000;
08;05;9;130;99;Mironcillo                                        ;00001;00000;00000;00000;00000;00000092;00000000;00000000;00000000;00000000;00000;00000;
08;05;9;131;99;Mirueña de los Infanzones                         ;00001;00000;00000;00000;00000;00000107;00000000;00000000;00000000;00000000;00000;00000;
08;05;9;132;99;Mombeltrán                                        ;00001;00000;00000;00000;00000;00001003;00000000;00000000;00000000;00000000;00000;00000;
08;05;9;133;99;Monsalupe                                         ;00001;00000;00000;00000;00000;00000068;00000000;00000000;00000000;00000000;00000;00000;
08;05;9;134;99;Moraleja de Matacabras                            ;00001;00000;00000;00000;00000;00000044;00000000;00000000;00000000;00000000;00000;00000;
08;05;9;135;99;Muñana                                            ;00001;00000;00000;00000;00000;00000435;00000000;00000000;00000000;00000000;00000;00000;
08;05;9;136;99;Muñico                                            ;00001;00000;00000;00000;00000;00000097;00000000;00000000;00000000;00000000;00000;00000;
08;05;9;138;99;Muñogalindo                                       ;00001;00000;00000;00000;00000;00000320;00000000;00000000;00000000;00000000;00000;00000;
08;05;9;139;99;Muñogrande                                        ;00001;00000;00000;00000;00000;00000073;00000000;00000000;00000000;00000000;00000;00000;
08;05;9;140;99;Muñomer del Peco                                  ;00001;00000;00000;00000;00000;00000114;00000000;00000000;00000000;00000000;00000;00000;
08;05;9;141;99;Muñopepe                                          ;00001;00000;00000;00000;00000;00000099;00000000;00000000;00000000;00000000;00000;00000;
08;05;9;142;99;Muñosancho                                        ;00001;00000;00000;00000;00000;00000108;00000000;00000000;00000000;00000000;00000;00000;
08;05;9;143;99;Muñotello                                         ;00001;00000;00000;00000;00000;00000065;00000000;00000000;00000000;00000000;00000;00000;
08;05;9;144;99;Narrillos del Álamo                               ;00001;00000;00000;00000;00000;00000090;00000000;00000000;00000000;00000000;00000;00000;
08;05;9;145;99;Narrillos del Rebollar                            ;00001;00000;00000;00000;00000;00000052;00000000;00000000;00000000;00000000;00000;00000;
08;05;9;147;99;Narros del Castillo                               ;00001;00000;00000;00000;00000;00000165;00000000;00000000;00000000;00000000;00000;00000;
08;05;9;148;99;Narros del Puerto                                 ;00001;00000;00000;00000;00000;00000025;00000000;00000000;00000000;00000000;00000;00000;
08;05;9;149;99;Narros de Saldueña                                ;00001;00000;00000;00000;00000;00000116;00000000;00000000;00000000;00000000;00000;00000;
08;05;9;151;99;Navacepedilla de Corneja                          ;00001;00000;00000;00000;00000;00000098;00000000;00000000;00000000;00000000;00000;00000;
08;05;9;152;99;Nava de Arévalo                                   ;00001;00000;00000;00000;00000;00000713;00000000;00000000;00000000;00000000;00000;00000;
08;05;9;153;99;Nava del Barco                                    ;00001;00000;00000;00000;00000;00000103;00000000;00000000;00000000;00000000;00000;00000;
08;05;9;154;99;Navadijos                                         ;00001;00000;00000;00000;00000;00000037;00000000;00000000;00000000;00000000;00000;00000;
08;05;9;155;99;Navaescurial                                      ;00001;00000;00000;00000;00000;00000048;00000000;00000000;00000000;00000000;00000;00000;
08;05;9;156;99;Navahondilla                                      ;00001;00000;00000;00000;00000;00000252;00000000;00000000;00000000;00000000;00000;00000;
08;05;9;157;99;Navalacruz                                        ;00001;00000;00000;00000;00000;00000240;00000000;00000000;00000000;00000000;00000;00000;
08;05;9;158;99;Navalmoral                                        ;00001;00000;00000;00000;00000;00000379;00000000;00000000;00000000;00000000;00000;00000;
08;05;9;159;99;Navalonguilla                                     ;00001;00000;00000;00000;00000;00000257;00000000;00000000;00000000;00000000;00000;00000;
08;05;9;160;99;Navalosa                                          ;00001;00000;00000;00000;00000;00000318;00000000;00000000;00000000;00000000;00000;00000;
08;05;9;161;99;Navalperal de Pinares                             ;00001;00000;00000;00000;00000;00000602;00000000;00000000;00000000;00000000;00000;00000;
08;05;9;162;99;Navalperal de Tormes                              ;00001;00000;00000;00000;00000;00000093;00000000;00000000;00000000;00000000;00000;00000;
08;05;9;163;99;Navaluenga                                        ;00002;00000;00000;00000;00000;00001729;00000000;00000000;00000000;00000000;00000;00000;
08;05;9;164;99;Navaquesera                                       ;00001;00000;00000;00000;00000;00000031;00000000;00000000;00000000;00000000;00000;00000;
08;05;9;165;99;Navarredonda de Gredos                            ;00001;00000;00000;00000;00000;00000398;00000000;00000000;00000000;00000000;00000;00000;
08;05;9;166;99;Navarredondilla                                   ;00001;00000;00000;00000;00000;00000211;00000000;00000000;00000000;00000000;00000;00000;
08;05;9;167;99;Navarrevisca                                      ;00001;00000;00000;00000;00000;00000258;00000000;00000000;00000000;00000000;00000;00000;
08;05;9;168;99;Las Navas del Marqués                             ;00005;00000;00000;00000;00000;00003616;00000000;00000000;00000000;00000000;00000;00000;
08;05;9;169;99;Navatalgordo                                      ;00001;00000;00000;00000;00000;00000230;00000000;00000000;00000000;00000000;00000;00000;
08;05;9;170;99;Navatejares                                       ;00001;00000;00000;00000;00000;00000046;00000000;00000000;00000000;00000000;00000;00000;
08;05;9;171;99;Neila de San Miguel                               ;00001;00000;00000;00000;00000;00000079;00000000;00000000;00000000;00000000;00000;00000;
08;05;9;172;99;Niharra                                           ;00001;00000;00000;00000;00000;00000130;00000000;00000000;00000000;00000000;00000;00000;
08;05;9;173;99;Ojos-Albos                                        ;00001;00000;00000;00000;00000;00000055;00000000;00000000;00000000;00000000;00000;00000;
08;05;9;174;99;Orbita                                            ;00001;00000;00000;00000;00000;00000072;00000000;00000000;00000000;00000000;00000;00000;
08;05;9;175;99;El Oso                                            ;00001;00000;00000;00000;00000;00000172;00000000;00000000;00000000;00000000;00000;00000;
08;05;9;176;99;Padiernos                                         ;00001;00000;00000;00000;00000;00000242;00000000;00000000;00000000;00000000;00000;00000;
08;05;9;177;99;Pajares de Adaja                                  ;00001;00000;00000;00000;00000;00000161;00000000;00000000;00000000;00000000;00000;00000;
08;05;9;178;99;Palacios de Goda                                  ;00001;00000;00000;00000;00000;00000365;00000000;00000000;00000000;00000000;00000;00000;
08;05;9;179;99;Papatrigo                                         ;00001;00000;00000;00000;00000;00000226;00000000;00000000;00000000;00000000;00000;00000;
08;05;9;180;99;El Parral                                         ;00001;00000;00000;00000;00000;00000099;00000000;00000000;00000000;00000000;00000;00000;
08;05;9;181;99;Pascualcobo                                       ;00001;00000;00000;00000;00000;00000040;00000000;00000000;00000000;00000000;00000;00000;
08;05;9;182;99;Pedro Bernardo                                    ;00001;00000;00000;00000;00000;00000831;00000000;00000000;00000000;00000000;00000;00000;
08;05;9;183;99;Pedro-Rodríguez                                   ;00001;00000;00000;00000;00000;00000148;00000000;00000000;00000000;00000000;00000;00000;
08;05;9;184;99;Peguerinos                                        ;00001;00000;00000;00000;00000;00000263;00000000;00000000;00000000;00000000;00000;00000;
08;05;9;185;99;Peñalba de Ávila                                  ;00001;00000;00000;00000;00000;00000104;00000000;00000000;00000000;00000000;00000;00000;
08;05;9;186;99;Piedrahíta                                        ;00002;00000;00000;00000;00000;00001591;00000000;00000000;00000000;00000000;00000;00000;
08;05;9;187;99;Piedralaves                                       ;00002;00000;00000;00000;00000;00001795;00000000;00000000;00000000;00000000;00000;00000;
08;05;9;188;99;Poveda                                            ;00001;00000;00000;00000;00000;00000051;00000000;00000000;00000000;00000000;00000;00000;
08;05;9;189;99;Poyales del Hoyo                                  ;00001;00000;00000;00000;00000;00000451;00000000;00000000;00000000;00000000;00000;00000;
08;05;9;190;99;Pozanco                                           ;00001;00000;00000;00000;00000;00000060;00000000;00000000;00000000;00000000;00000;00000;
08;05;9;191;99;Pradosegar                                        ;00001;00000;00000;00000;00000;00000127;00000000;00000000;00000000;00000000;00000;00000;
08;05;9;192;99;Puerto Castilla                                   ;00001;00000;00000;00000;00000;00000093;00000000;00000000;00000000;00000000;00000;00000;
08;05;9;193;99;Rasueros                                          ;00001;00000;00000;00000;00000;00000203;00000000;00000000;00000000;00000000;00000;00000;
08;05;9;194;99;Riocabado                                         ;00001;00000;00000;00000;00000;00000142;00000000;00000000;00000000;00000000;00000;00000;
08;05;9;195;99;Riofrío                                           ;00001;00000;00000;00000;00000;00000236;00000000;00000000;00000000;00000000;00000;00000;
08;05;9;196;99;Rivilla de Barajas                                ;00001;00000;00000;00000;00000;00000060;00000000;00000000;00000000;00000000;00000;00000;
08;05;9;197;99;Salobral                                          ;00001;00000;00000;00000;00000;00000106;00000000;00000000;00000000;00000000;00000;00000;
08;05;9;198;99;Salvadiós                                         ;00001;00000;00000;00000;00000;00000076;00000000;00000000;00000000;00000000;00000;00000;
08;05;9;199;99;San Bartolomé de Béjar                            ;00001;00000;00000;00000;00000;00000046;00000000;00000000;00000000;00000000;00000;00000;
08;05;9;200;99;San Bartolomé de Corneja                          ;00001;00000;00000;00000;00000;00000052;00000000;00000000;00000000;00000000;00000;00000;
08;05;9;201;99;San Bartolomé de Pinares                          ;00001;00000;00000;00000;00000;00000544;00000000;00000000;00000000;00000000;00000;00000;
08;05;9;204;99;Sanchidrián                                       ;00001;00000;00000;00000;00000;00000623;00000000;00000000;00000000;00000000;00000;00000;
08;05;9;205;99;Sanchorreja                                       ;00001;00000;00000;00000;00000;00000075;00000000;00000000;00000000;00000000;00000;00000;
08;05;9;206;99;San Esteban de los Patos                          ;00001;00000;00000;00000;00000;00000029;00000000;00000000;00000000;00000000;00000;00000;
08;05;9;207;99;San Esteban del Valle                             ;00001;00000;00000;00000;00000;00000720;00000000;00000000;00000000;00000000;00000;00000;
08;05;9;208;99;San Esteban de Zapardiel                          ;00001;00000;00000;00000;00000;00000041;00000000;00000000;00000000;00000000;00000;00000;
08;05;9;209;99;San García de Ingelmos                            ;00001;00000;00000;00000;00000;00000087;00000000;00000000;00000000;00000000;00000;00000;
08;05;9;210;99;San Juan de la Encinilla                          ;00001;00000;00000;00000;00000;00000096;00000000;00000000;00000000;00000000;00000;00000;
08;05;9;211;99;San Juan de la Nava                               ;00001;00000;00000;00000;00000;00000468;00000000;00000000;00000000;00000000;00000;00000;
08;05;9;212;99;San Juan del Molinillo                            ;00001;00000;00000;00000;00000;00000249;00000000;00000000;00000000;00000000;00000;00000;
08;05;9;213;99;San Juan del Olmo                                 ;00001;00000;00000;00000;00000;00000111;00000000;00000000;00000000;00000000;00000;00000;
08;05;9;214;99;San Lorenzo de Tormes                             ;00001;00000;00000;00000;00000;00000040;00000000;00000000;00000000;00000000;00000;00000;
08;05;9;215;99;San Martín de la Vega del Alberche                ;00001;00000;00000;00000;00000;00000177;00000000;00000000;00000000;00000000;00000;00000;
08;05;9;216;99;San Martín del Pimpollar                          ;00001;00000;00000;00000;00000;00000231;00000000;00000000;00000000;00000000;00000;00000;
08;05;9;217;99;San Miguel de Corneja                             ;00001;00000;00000;00000;00000;00000065;00000000;00000000;00000000;00000000;00000;00000;
08;05;9;218;99;San Miguel de Serrezuela                          ;00001;00000;00000;00000;00000;00000128;00000000;00000000;00000000;00000000;00000;00000;
08;05;9;219;99;San Pascual                                       ;00001;00000;00000;00000;00000;00000044;00000000;00000000;00000000;00000000;00000;00000;
08;05;9;220;99;San Pedro del Arroyo                              ;00001;00000;00000;00000;00000;00000385;00000000;00000000;00000000;00000000;00000;00000;
08;05;9;221;99;Santa Cruz del Valle                              ;00001;00000;00000;00000;00000;00000376;00000000;00000000;00000000;00000000;00000;00000;
08;05;9;222;99;Santa Cruz de Pinares                             ;00001;00000;00000;00000;00000;00000163;00000000;00000000;00000000;00000000;00000;00000;
08;05;9;224;99;Santa María del Arroyo                            ;00001;00000;00000;00000;00000;00000103;00000000;00000000;00000000;00000000;00000;00000;
08;05;9;225;99;Santa María del Berrocal                          ;00001;00000;00000;00000;00000;00000382;00000000;00000000;00000000;00000000;00000;00000;
08;05;9;226;99;Santa María de los Caballeros                     ;00001;00000;00000;00000;00000;00000077;00000000;00000000;00000000;00000000;00000;00000;
08;05;9;227;99;Santa María del Tiétar                            ;00001;00000;00000;00000;00000;00000394;00000000;00000000;00000000;00000000;00000;00000;
08;05;9;228;99;Santiago del Collado                              ;00001;00000;00000;00000;00000;00000183;00000000;00000000;00000000;00000000;00000;00000;
08;05;9;229;99;Santo Domingo de las Posadas                      ;00001;00000;00000;00000;00000;00000076;00000000;00000000;00000000;00000000;00000;00000;
08;05;9;230;99;Santo Tomé de Zabarcos                            ;00001;00000;00000;00000;00000;00000067;00000000;00000000;00000000;00000000;00000;00000;
08;05;9;231;99;San Vicente de Arévalo                            ;00001;00000;00000;00000;00000;00000168;00000000;00000000;00000000;00000000;00000;00000;
08;05;9;232;99;La Serrada                                        ;00001;00000;00000;00000;00000;00000102;00000000;00000000;00000000;00000000;00000;00000;
08;05;9;233;99;Serranillos                                       ;00001;00000;00000;00000;00000;00000243;00000000;00000000;00000000;00000000;00000;00000;
08;05;9;234;99;Sigeres                                           ;00001;00000;00000;00000;00000;00000053;00000000;00000000;00000000;00000000;00000;00000;
08;05;9;235;99;Sinlabajos                                        ;00001;00000;00000;00000;00000;00000120;00000000;00000000;00000000;00000000;00000;00000;
08;05;9;236;99;Solana de Ávila                                   ;00001;00000;00000;00000;00000;00000146;00000000;00000000;00000000;00000000;00000;00000;
08;05;9;237;99;Solana de Rioalmar                                ;00001;00000;00000;00000;00000;00000176;00000000;00000000;00000000;00000000;00000;00000;
08;05;9;238;99;Solosancho                                        ;00001;00000;00000;00000;00000;00000797;00000000;00000000;00000000;00000000;00000;00000;
08;05;9;239;99;Sotalbo                                           ;00001;00000;00000;00000;00000;00000202;00000000;00000000;00000000;00000000;00000;00000;
08;05;9;240;99;Sotillo de la Adrada                              ;00004;00000;00000;00000;00000;00003429;00000000;00000000;00000000;00000000;00000;00000;
08;05;9;241;99;El Tiemblo                                        ;00004;00000;00000;00000;00000;00003143;00000000;00000000;00000000;00000000;00000;00000;
08;05;9;242;99;Tiñosillos                                        ;00001;00000;00000;00000;00000;00000690;00000000;00000000;00000000;00000000;00000;00000;
08;05;9;243;99;Tolbaños                                          ;00001;00000;00000;00000;00000;00000095;00000000;00000000;00000000;00000000;00000;00000;
08;05;9;244;99;Tormellas                                         ;00001;00000;00000;00000;00000;00000059;00000000;00000000;00000000;00000000;00000;00000;
08;05;9;245;99;Tornadizos de Ávila                               ;00001;00000;00000;00000;00000;00000350;00000000;00000000;00000000;00000000;00000;00000;
08;05;9;246;99;Tórtoles                                          ;00001;00000;00000;00000;00000;00000061;00000000;00000000;00000000;00000000;00000;00000;
08;05;9;247;99;La Torre                                          ;00001;00000;00000;00000;00000;00000263;00000000;00000000;00000000;00000000;00000;00000;
08;05;9;249;99;Umbrías                                           ;00001;00000;00000;00000;00000;00000111;00000000;00000000;00000000;00000000;00000;00000;
08;05;9;251;99;Vadillo de la Sierra                              ;00001;00000;00000;00000;00000;00000077;00000000;00000000;00000000;00000000;00000;00000;
08;05;9;252;99;Valdecasa                                         ;00001;00000;00000;00000;00000;00000065;00000000;00000000;00000000;00000000;00000;00000;
08;05;9;253;99;Vega de Santa María                               ;00001;00000;00000;00000;00000;00000093;00000000;00000000;00000000;00000000;00000;00000;
08;05;9;254;99;Velayos                                           ;00001;00000;00000;00000;00000;00000199;00000000;00000000;00000000;00000000;00000;00000;
08;05;9;256;99;Villaflor                                         ;00001;00000;00000;00000;00000;00000122;00000000;00000000;00000000;00000000;00000;00000;
08;05;9;257;99;Villafranca de la Sierra                          ;00001;00000;00000;00000;00000;00000139;00000000;00000000;00000000;00000000;00000;00000;
08;05;9;258;99;Villanueva de Gómez                               ;00001;00000;00000;00000;00000;00000122;00000000;00000000;00000000;00000000;00000;00000;
08;05;9;259;99;Villanueva del Aceral                             ;00001;00000;00000;00000;00000;00000124;00000000;00000000;00000000;00000000;00000;00000;
08;05;9;260;99;Villanueva del Campillo                           ;00001;00000;00000;00000;00000;00000107;00000000;00000000;00000000;00000000;00000;00000;
08;05;9;261;99;Villar de Corneja                                 ;00001;00000;00000;00000;00000;00000043;00000000;00000000;00000000;00000000;00000;00000;
08;05;9;262;99;Villarejo del Valle                               ;00001;00000;00000;00000;00000;00000363;00000000;00000000;00000000;00000000;00000;00000;
08;05;9;263;99;Villatoro                                         ;00001;00000;00000;00000;00000;00000177;00000000;00000000;00000000;00000000;00000;00000;
08;05;9;264;99;Viñegra de Moraña                                 ;00001;00000;00000;00000;00000;00000066;00000000;00000000;00000000;00000000;00000;00000;
08;05;9;265;99;Vita                                              ;00001;00000;00000;00000;00000;00000087;00000000;00000000;00000000;00000000;00000;00000;
08;05;9;266;99;Zapardiel de la Cañada                            ;00001;00000;00000;00000;00000;00000106;00000000;00000000;00000000;00000000;00000;00000;
08;05;9;267;99;Zapardiel de la Ribera                            ;00001;00000;00000;00000;00000;00000099;00000000;00000000;00000000;00000000;00000;00000;
08;05;9;901;99;San Juan de Gredos                                ;00001;00000;00000;00000;00000;00000274;00000000;00000000;00000000;00000000;00000;00000;
08;05;9;902;99;Santa María del Cubillo                           ;00001;00000;00000;00000;00000;00000308;00000000;00000000;00000000;00000000;00000;00000;
08;05;9;903;99;Diego del Carpio                                  ;00001;00000;00000;00000;00000;00000155;00000000;00000000;00000000;00000000;00000;00000;
08;05;9;904;99;Santiago del Tormes                               ;00001;00000;00000;00000;00000;00000141;00000000;00000000;00000000;00000000;00000;00000;
08;05;9;905;99;Villanueva de Ávila                               ;00001;00000;00000;00000;00000;00000209;00000000;00000000;00000000;00000000;00000;00000;
