04;07;9;001;99;Alaró                                             ;00004;00000;00000;00000;00000;00003622;00000000;00000000;00000000;00000000;00000;00000;
04;07;9;002;99;Alaior                                            ;00010;00000;00000;00000;00000;00006697;00000000;00000000;00000000;00000000;00000;00000;
04;07;9;003;99;Alcúdia                                           ;00016;00000;00000;00000;00000;00011853;00000000;00000000;00000000;00000000;00000;00000;
04;07;9;004;99;Algaida                                           ;00006;00000;00000;00000;00000;00003863;00000000;00000000;00000000;00000000;00000;00000;
04;07;9;005;99;Andratx                                           ;00009;00000;00000;00000;00000;00006974;00000000;00000000;00000000;00000000;00000;00000;
04;07;9;006;99;Artà                                              ;00007;00000;00000;00000;00000;00005186;00000000;00000000;00000000;00000000;00000;00000;
04;07;9;007;99;Banyalbufar                                       ;00001;00000;00000;00000;00000;00000457;00000000;00000000;00000000;00000000;00000;00000;
04;07;9;008;99;Binissalem                                        ;00008;00000;00000;00000;00000;00005699;00000000;00000000;00000000;00000000;00000;00000;
04;07;9;009;99;Búger                                             ;00001;00000;00000;00000;00000;00000758;00000000;00000000;00000000;00000000;00000;00000;
04;07;9;010;99;Bunyola                                           ;00006;00000;00000;00000;00000;00004853;00000000;00000000;00000000;00000000;00000;00000;
04;07;9;011;99;Calvià                                            ;00037;00000;00000;00000;00000;00030421;00000000;00000000;00000000;00000000;00000;00000;
04;07;9;012;99;Campanet                                          ;00002;00000;00000;00000;00000;00001901;00000000;00000000;00000000;00000000;00000;00000;
04;07;9;013;99;Campos                                            ;00010;00000;00000;00000;00000;00006845;00000000;00000000;00000000;00000000;00000;00000;
04;07;9;014;99;Capdepera                                         ;00010;00000;00000;00000;00000;00007228;00000000;00000000;00000000;00000000;00000;00000;
04;07;9;015;99;Ciutadella de Menorca                             ;00028;00000;00000;00000;00000;00021420;00000000;00000000;00000000;00000000;00000;00000;
04;07;9;016;99;Consell                                           ;00003;00000;00000;00000;00000;00002790;00000000;00000000;00000000;00000000;00000;00000;
04;07;9;017;99;Costitx                                           ;00001;00000;00000;00000;00000;00000840;00000000;00000000;00000000;00000000;00000;00000;
04;07;9;018;99;Deià                                              ;00001;00000;00000;00000;00000;00000454;00000000;00000000;00000000;00000000;00000;00000;
04;07;9;019;99;Escorca                                           ;00001;00000;00000;00000;00000;00000201;00000000;00000000;00000000;00000000;00000;00000;
04;07;9;020;99;Esporles                                          ;00004;00000;00000;00000;00000;00003648;00000000;00000000;00000000;00000000;00000;00000;
04;07;9;021;99;Estellencs                                        ;00001;00000;00000;00000;00000;00000248;00000000;00000000;00000000;00000000;00000;00000;
04;07;9;022;99;Felanitx                                          ;00015;00000;00000;00000;00000;00011836;00000000;00000000;00000000;00000000;00000;00000;
04;07;9;023;99;Ferreries                                         ;00005;00000;00000;00000;00000;00003589;00000000;00000000;00000000;00000000;00000;00000;
04;07;9;024;99;Formentera                                        ;00008;00000;00000;00000;00000;00006891;00000000;00000000;00000000;00000000;00000;00000;
04;07;9;025;99;Fornalutx                                         ;00001;00000;00000;00000;00000;00000512;00000000;00000000;00000000;00000000;00000;00000;
04;07;9;026;99;Eivissa                                           ;00040;00000;00000;00000;00000;00031476;00000000;00000000;00000000;00000000;00000;00000;
04;07;9;027;99;Inca                                              ;00029;00000;00000;00000;00000;00020533;00000000;00000000;00000000;00000000;00000;00000;
04;07;9;028;99;Lloret de Vistalegre                              ;00001;00000;00000;00000;00000;00000907;00000000;00000000;00000000;00000000;00000;00000;
04;07;9;029;99;Lloseta                                           ;00005;00000;00000;00000;00000;00004152;00000000;00000000;00000000;00000000;00000;00000;
04;07;9;030;99;Llubí                                             ;00002;00000;00000;00000;00000;00001617;00000000;00000000;00000000;00000000;00000;00000;
04;07;9;031;99;Llucmajor                                         ;00028;00000;00000;00000;00000;00024051;00000000;00000000;00000000;00000000;00000;00000;
04;07;9;032;99;Maó-Mahón                                         ;00027;00000;00000;00000;00000;00020150;00000000;00000000;00000000;00000000;00000;00000;
04;07;9;033;99;Manacor                                           ;00036;00000;00000;00000;00000;00026837;00000000;00000000;00000000;00000000;00000;00000;
04;07;9;034;99;Mancor de la Vall                                 ;00001;00000;00000;00000;00000;00000962;00000000;00000000;00000000;00000000;00000;00000;
04;07;9;035;99;Maria de la Salut                                 ;00002;00000;00000;00000;00000;00001534;00000000;00000000;00000000;00000000;00000;00000;
04;07;9;036;99;Marratxí                                          ;00033;00000;00000;00000;00000;00026694;00000000;00000000;00000000;00000000;00000;00000;
04;07;9;037;99;Es Mercadal                                       ;00004;00000;00000;00000;00000;00003299;00000000;00000000;00000000;00000000;00000;00000;
04;07;9;038;99;Montuïri                                          ;00002;00000;00000;00000;00000;00002007;00000000;00000000;00000000;00000000;00000;00000;
04;07;9;039;99;Muro                                              ;00006;00000;00000;00000;00000;00004925;00000000;00000000;00000000;00000000;00000;00000;
04;07;9;040;99;Palma de Mallorca                                 ;00356;00000;00000;00000;00000;00277862;00000000;00000000;00000000;00000000;00000;00000;
04;07;9;041;99;Petra                                             ;00003;00000;00000;00000;00000;00002060;00000000;00000000;00000000;00000000;00000;00000;
04;07;9;042;99;Pollença                                          ;00014;00000;00000;00000;00000;00010807;00000000;00000000;00000000;00000000;00000;00000;
04;07;9;043;99;Porreres                                          ;00004;00000;00000;00000;00000;00003521;00000000;00000000;00000000;00000000;00000;00000;
04;07;9;044;99;Sa Pobla                                          ;00011;00000;00000;00000;00000;00008532;00000000;00000000;00000000;00000000;00000;00000;
04;07;9;045;99;Puigpunyent                                       ;00002;00000;00000;00000;00000;00001311;00000000;00000000;00000000;00000000;00000;00000;
04;07;9;046;99;Sant Antoni de Portmany                           ;00021;00000;00000;00000;00000;00015006;00000000;00000000;00000000;00000000;00000;00000;
04;07;9;047;99;Sencelles                                         ;00003;00000;00000;00000;00000;00002300;00000000;00000000;00000000;00000000;00000;00000;
04;07;9;048;99;Sant Josep de sa Talaia                           ;00022;00000;00000;00000;00000;00017400;00000000;00000000;00000000;00000000;00000;00000;
04;07;9;049;99;Sant Joan                                         ;00002;00000;00000;00000;00000;00001529;00000000;00000000;00000000;00000000;00000;00000;
04;07;9;050;99;Sant Joan de Labritja                             ;00004;00000;00000;00000;00000;00003386;00000000;00000000;00000000;00000000;00000;00000;
04;07;9;051;99;Sant Llorenç des Cardassar                        ;00006;00000;00000;00000;00000;00005520;00000000;00000000;00000000;00000000;00000;00000;
04;07;9;052;99;Sant Lluís                                        ;00006;00000;00000;00000;00000;00004838;00000000;00000000;00000000;00000000;00000;00000;
04;07;9;053;99;Santa Eugènia                                     ;00002;00000;00000;00000;00000;00001223;00000000;00000000;00000000;00000000;00000;00000;
04;07;9;054;99;Santa Eulalia del Río                             ;00028;00000;00000;00000;00000;00022299;00000000;00000000;00000000;00000000;00000;00000;
04;07;9;055;99;Santa Margalida                                   ;00011;00000;00000;00000;00000;00007542;00000000;00000000;00000000;00000000;00000;00000;
04;07;9;056;99;Santa María del Camí                              ;00006;00000;00000;00000;00000;00004911;00000000;00000000;00000000;00000000;00000;00000;
04;07;9;057;99;Santanyí                                          ;00011;00000;00000;00000;00000;00007538;00000000;00000000;00000000;00000000;00000;00000;
04;07;9;058;99;Selva                                             ;00005;00000;00000;00000;00000;00002897;00000000;00000000;00000000;00000000;00000;00000;
04;07;9;059;99;Ses Salines                                       ;00004;00000;00000;00000;00000;00003199;00000000;00000000;00000000;00000000;00000;00000;
04;07;9;060;99;Sineu                                             ;00004;00000;00000;00000;00000;00002604;00000000;00000000;00000000;00000000;00000;00000;
04;07;9;061;99;Sóller                                            ;00012;00000;00000;00000;00000;00009920;00000000;00000000;00000000;00000000;00000;00000;
04;07;9;062;99;Son Servera                                       ;00009;00000;00000;00000;00000;00007577;00000000;00000000;00000000;00000000;00000;00000;
04;07;9;063;99;Valldemossa                                       ;00002;00000;00000;00000;00000;00001486;00000000;00000000;00000000;00000000;00000;00000;
04;07;9;064;99;Es Castell                                        ;00008;00000;00000;00000;00000;00005519;00000000;00000000;00000000;00000000;00000;00000;
04;07;9;065;99;Vilafranca de Bonany                              ;00003;00000;00000;00000;00000;00002061;00000000;00000000;00000000;00000000;00000;00000;
04;07;9;901;99;Ariany                                            ;00001;00000;00000;00000;00000;00000633;00000000;00000000;00000000;00000000;00000;00000;
04;07;9;902;99;Es Migjorn Gran                                   ;00001;00000;00000;00000;00000;00001109;00000000;00000000;00000000;00000000;00000;00000;
