01;21;9;001;99;Alájar                                            ;00001;00000;00000;00000;00000;00000651;00000000;00000000;00000000;00000000;00000;00000;
01;21;9;002;99;Aljaraque                                         ;00018;00000;00000;00000;00000;00014990;00000000;00000000;00000000;00000000;00000;00000;
01;21;9;003;99;El Almendro                                       ;00001;00000;00000;00000;00000;00000695;00000000;00000000;00000000;00000000;00000;00000;
01;21;9;004;99;Almonaster la Real                                ;00004;00000;00000;00000;00000;00001644;00000000;00000000;00000000;00000000;00000;00000;
01;21;9;005;99;Almonte                                           ;00019;00000;00000;00000;00000;00015933;00000000;00000000;00000000;00000000;00000;00000;
01;21;9;006;99;Alosno                                            ;00004;00000;00000;00000;00000;00003452;00000000;00000000;00000000;00000000;00000;00000;
01;21;9;007;99;Aracena                                           ;00007;00000;00000;00000;00000;00006204;00000000;00000000;00000000;00000000;00000;00000;
01;21;9;008;99;Aroche                                            ;00003;00000;00000;00000;00000;00002688;00000000;00000000;00000000;00000000;00000;00000;
01;21;9;009;99;Arroyomolinos de León                             ;00001;00000;00000;00000;00000;00000881;00000000;00000000;00000000;00000000;00000;00000;
01;21;9;010;99;Ayamonte                                          ;00020;00000;00000;00000;00000;00014766;00000000;00000000;00000000;00000000;00000;00000;
01;21;9;011;99;Beas                                              ;00004;00000;00000;00000;00000;00003429;00000000;00000000;00000000;00000000;00000;00000;
01;21;9;012;99;Berrocal                                          ;00001;00000;00000;00000;00000;00000315;00000000;00000000;00000000;00000000;00000;00000;
01;21;9;013;99;Bollullos Par del Condado                         ;00013;00000;00000;00000;00000;00010729;00000000;00000000;00000000;00000000;00000;00000;
01;21;9;014;99;Bonares                                           ;00006;00000;00000;00000;00000;00004257;00000000;00000000;00000000;00000000;00000;00000;
01;21;9;015;99;Cabezas Rubias                                    ;00001;00000;00000;00000;00000;00000725;00000000;00000000;00000000;00000000;00000;00000;
01;21;9;016;99;Cala                                              ;00001;00000;00000;00000;00000;00001049;00000000;00000000;00000000;00000000;00000;00000;
01;21;9;017;99;Calañas                                           ;00005;00000;00000;00000;00000;00003599;00000000;00000000;00000000;00000000;00000;00000;
01;21;9;018;99;El Campillo                                       ;00002;00000;00000;00000;00000;00001807;00000000;00000000;00000000;00000000;00000;00000;
01;21;9;019;99;Campofrío                                         ;00001;00000;00000;00000;00000;00000593;00000000;00000000;00000000;00000000;00000;00000;
01;21;9;020;99;Cañaveral de León                                 ;00001;00000;00000;00000;00000;00000377;00000000;00000000;00000000;00000000;00000;00000;
01;21;9;021;99;Cartaya                                           ;00015;00000;00000;00000;00000;00012565;00000000;00000000;00000000;00000000;00000;00000;
01;21;9;022;99;Castaño del Robledo                               ;00001;00000;00000;00000;00000;00000179;00000000;00000000;00000000;00000000;00000;00000;
01;21;9;023;99;El Cerro de Andévalo                              ;00003;00000;00000;00000;00000;00002157;00000000;00000000;00000000;00000000;00000;00000;
01;21;9;024;99;Corteconcepción                                   ;00001;00000;00000;00000;00000;00000495;00000000;00000000;00000000;00000000;00000;00000;
01;21;9;025;99;Cortegana                                         ;00006;00000;00000;00000;00000;00004209;00000000;00000000;00000000;00000000;00000;00000;
01;21;9;026;99;Cortelazor                                        ;00001;00000;00000;00000;00000;00000269;00000000;00000000;00000000;00000000;00000;00000;
01;21;9;027;99;Cumbres de Enmedio                                ;00001;00000;00000;00000;00000;00000047;00000000;00000000;00000000;00000000;00000;00000;
01;21;9;028;99;Cumbres de San Bartolomé                          ;00001;00000;00000;00000;00000;00000391;00000000;00000000;00000000;00000000;00000;00000;
01;21;9;029;99;Cumbres Mayores                                   ;00002;00000;00000;00000;00000;00001596;00000000;00000000;00000000;00000000;00000;00000;
01;21;9;030;99;Chucena                                           ;00002;00000;00000;00000;00000;00001795;00000000;00000000;00000000;00000000;00000;00000;
01;21;9;031;99;Encinasola                                        ;00002;00000;00000;00000;00000;00001216;00000000;00000000;00000000;00000000;00000;00000;
01;21;9;032;99;Escacena del Campo                                ;00002;00000;00000;00000;00000;00001787;00000000;00000000;00000000;00000000;00000;00000;
01;21;9;033;99;Fuenteheridos                                     ;00001;00000;00000;00000;00000;00000513;00000000;00000000;00000000;00000000;00000;00000;
01;21;9;034;99;Galaroza                                          ;00002;00000;00000;00000;00000;00001210;00000000;00000000;00000000;00000000;00000;00000;
01;21;9;035;99;Gibraleón                                         ;00012;00000;00000;00000;00000;00009688;00000000;00000000;00000000;00000000;00000;00000;
01;21;9;036;99;La Granada de Río-Tinto                           ;00001;00000;00000;00000;00000;00000195;00000000;00000000;00000000;00000000;00000;00000;
01;21;9;037;99;El Granado                                        ;00001;00000;00000;00000;00000;00000495;00000000;00000000;00000000;00000000;00000;00000;
01;21;9;038;99;Higuera de la Sierra                              ;00001;00000;00000;00000;00000;00001126;00000000;00000000;00000000;00000000;00000;00000;
01;21;9;039;99;Hinojales                                         ;00001;00000;00000;00000;00000;00000302;00000000;00000000;00000000;00000000;00000;00000;
01;21;9;040;99;Hinojos                                           ;00004;00000;00000;00000;00000;00003141;00000000;00000000;00000000;00000000;00000;00000;
01;21;9;041;99;Huelva                                            ;00138;00000;00000;00000;00000;00113858;00000000;00000000;00000000;00000000;00000;00000;
01;21;9;042;99;Isla Cristina                                     ;00020;00000;00000;00000;00000;00015360;00000000;00000000;00000000;00000000;00000;00000;
01;21;9;043;99;Jabugo                                            ;00003;00000;00000;00000;00000;00001884;00000000;00000000;00000000;00000000;00000;00000;
01;21;9;044;99;Lepe                                              ;00023;00000;00000;00000;00000;00018095;00000000;00000000;00000000;00000000;00000;00000;
01;21;9;045;99;Linares de la Sierra                              ;00001;00000;00000;00000;00000;00000235;00000000;00000000;00000000;00000000;00000;00000;
01;21;9;046;99;Lucena del Puerto                                 ;00002;00000;00000;00000;00000;00001820;00000000;00000000;00000000;00000000;00000;00000;
01;21;9;047;99;Manzanilla                                        ;00003;00000;00000;00000;00000;00001945;00000000;00000000;00000000;00000000;00000;00000;
01;21;9;048;99;Los Marines                                       ;00001;00000;00000;00000;00000;00000308;00000000;00000000;00000000;00000000;00000;00000;
01;21;9;049;99;Minas de Riotinto                                 ;00005;00000;00000;00000;00000;00003415;00000000;00000000;00000000;00000000;00000;00000;
01;21;9;050;99;Moguer                                            ;00016;00000;00000;00000;00000;00013209;00000000;00000000;00000000;00000000;00000;00000;
01;21;9;051;99;La Nava                                           ;00001;00000;00000;00000;00000;00000251;00000000;00000000;00000000;00000000;00000;00000;
01;21;9;052;99;Nerva                                             ;00006;00000;00000;00000;00000;00004661;00000000;00000000;00000000;00000000;00000;00000;
01;21;9;053;99;Niebla                                            ;00004;00000;00000;00000;00000;00003288;00000000;00000000;00000000;00000000;00000;00000;
01;21;9;054;99;La Palma del Condado                              ;00010;00000;00000;00000;00000;00008127;00000000;00000000;00000000;00000000;00000;00000;
01;21;9;055;99;Palos de la Frontera                              ;00010;00000;00000;00000;00000;00006864;00000000;00000000;00000000;00000000;00000;00000;
01;21;9;056;99;Paterna del Campo                                 ;00005;00000;00000;00000;00000;00002954;00000000;00000000;00000000;00000000;00000;00000;
01;21;9;057;99;Paymogo                                           ;00001;00000;00000;00000;00000;00001030;00000000;00000000;00000000;00000000;00000;00000;
01;21;9;058;99;Puebla de Guzmán                                  ;00004;00000;00000;00000;00000;00002616;00000000;00000000;00000000;00000000;00000;00000;
01;21;9;059;99;Puerto Moral                                      ;00001;00000;00000;00000;00000;00000218;00000000;00000000;00000000;00000000;00000;00000;
01;21;9;060;99;Punta Umbría                                      ;00016;00000;00000;00000;00000;00011912;00000000;00000000;00000000;00000000;00000;00000;
01;21;9;061;99;Rociana del Condado                               ;00006;00000;00000;00000;00000;00005287;00000000;00000000;00000000;00000000;00000;00000;
01;21;9;062;99;Rosal de la Frontera                              ;00002;00000;00000;00000;00000;00001412;00000000;00000000;00000000;00000000;00000;00000;
01;21;9;063;99;San Bartolomé de la Torre                         ;00003;00000;00000;00000;00000;00002697;00000000;00000000;00000000;00000000;00000;00000;
01;21;9;064;99;San Juan del Puerto                               ;00009;00000;00000;00000;00000;00006500;00000000;00000000;00000000;00000000;00000;00000;
01;21;9;065;99;Sanlúcar de Guadiana                              ;00001;00000;00000;00000;00000;00000326;00000000;00000000;00000000;00000000;00000;00000;
01;21;9;066;99;San Silvestre de Guzmán                           ;00001;00000;00000;00000;00000;00000517;00000000;00000000;00000000;00000000;00000;00000;
01;21;9;067;99;Santa Ana la Real                                 ;00001;00000;00000;00000;00000;00000432;00000000;00000000;00000000;00000000;00000;00000;
01;21;9;068;99;Santa Bárbara de Casa                             ;00001;00000;00000;00000;00000;00000984;00000000;00000000;00000000;00000000;00000;00000;
01;21;9;069;99;Santa Olalla del Cala                             ;00002;00000;00000;00000;00000;00001744;00000000;00000000;00000000;00000000;00000;00000;
01;21;9;070;99;Trigueros                                         ;00008;00000;00000;00000;00000;00006312;00000000;00000000;00000000;00000000;00000;00000;
01;21;9;071;99;Valdelarco                                        ;00001;00000;00000;00000;00000;00000216;00000000;00000000;00000000;00000000;00000;00000;
01;21;9;072;99;Valverde del Camino                               ;00013;00000;00000;00000;00000;00010225;00000000;00000000;00000000;00000000;00000;00000;
01;21;9;073;99;Villablanca                                       ;00002;00000;00000;00000;00000;00001965;00000000;00000000;00000000;00000000;00000;00000;
01;21;9;074;99;Villalba del Alcor                                ;00004;00000;00000;00000;00000;00002670;00000000;00000000;00000000;00000000;00000;00000;
01;21;9;075;99;Villanueva de las Cruces                          ;00001;00000;00000;00000;00000;00000359;00000000;00000000;00000000;00000000;00000;00000;
01;21;9;076;99;Villanueva de los Castillejos                     ;00003;00000;00000;00000;00000;00002144;00000000;00000000;00000000;00000000;00000;00000;
01;21;9;077;99;Villarrasa                                        ;00002;00000;00000;00000;00000;00001697;00000000;00000000;00000000;00000000;00000;00000;
01;21;9;078;99;Zalamea la Real                                   ;00004;00000;00000;00000;00000;00002801;00000000;00000000;00000000;00000000;00000;00000;
01;21;9;079;99;Zufre                                             ;00001;00000;00000;00000;00000;00000738;00000000;00000000;00000000;00000000;00000;00000;
