14;48;9;001;99;Abadiño                                           ;00007;00000;00000;00000;00000;00005875;00000000;00000000;00000000;00000000;00000;00000;
14;48;9;002;99;Abanto y Ciérvana-Abanto Zierbena                 ;00010;00000;00000;00000;00000;00007936;00000000;00000000;00000000;00000000;00000;00000;
14;48;9;003;99;Amorebieta-Etxano                                 ;00018;00000;00000;00000;00000;00014373;00000000;00000000;00000000;00000000;00000;00000;
14;48;9;004;99;Amoroto                                           ;00001;00000;00000;00000;00000;00000330;00000000;00000000;00000000;00000000;00000;00000;
14;48;9;005;99;Arakaldo                                          ;00001;00000;00000;00000;00000;00000102;00000000;00000000;00000000;00000000;00000;00000;
14;48;9;006;99;Arantzazu                                         ;00001;00000;00000;00000;00000;00000305;00000000;00000000;00000000;00000000;00000;00000;
14;48;9;007;99;Munitibar-Arbatzegi Gerrikaitz                    ;00001;00000;00000;00000;00000;00000373;00000000;00000000;00000000;00000000;00000;00000;
14;48;9;008;99;Artzentales                                       ;00001;00000;00000;00000;00000;00000602;00000000;00000000;00000000;00000000;00000;00000;
14;48;9;009;99;Arrankudiaga                                      ;00001;00000;00000;00000;00000;00000786;00000000;00000000;00000000;00000000;00000;00000;
14;48;9;010;99;Arrieta                                           ;00001;00000;00000;00000;00000;00000458;00000000;00000000;00000000;00000000;00000;00000;
14;48;9;011;99;Arrigorriaga                                      ;00011;00000;00000;00000;00000;00009668;00000000;00000000;00000000;00000000;00000;00000;
14;48;9;012;99;Bakio                                             ;00003;00000;00000;00000;00000;00002060;00000000;00000000;00000000;00000000;00000;00000;
14;48;9;013;99;Barakaldo                                         ;00102;00000;00000;00000;00000;00080538;00000000;00000000;00000000;00000000;00000;00000;
14;48;9;014;99;Barrika                                           ;00002;00000;00000;00000;00000;00001219;00000000;00000000;00000000;00000000;00000;00000;
14;48;9;015;99;Basauri                                           ;00044;00000;00000;00000;00000;00034244;00000000;00000000;00000000;00000000;00000;00000;
14;48;9;016;99;Berango                                           ;00006;00000;00000;00000;00000;00005244;00000000;00000000;00000000;00000000;00000;00000;
14;48;9;017;99;Bermeo                                            ;00016;00000;00000;00000;00000;00013514;00000000;00000000;00000000;00000000;00000;00000;
14;48;9;018;99;Berriatua                                         ;00001;00000;00000;00000;00000;00000886;00000000;00000000;00000000;00000000;00000;00000;
14;48;9;019;99;Berriz                                            ;00004;00000;00000;00000;00000;00003674;00000000;00000000;00000000;00000000;00000;00000;
14;48;9;020;99;Bilbao                                            ;00353;00000;00000;00000;00000;00274857;00000000;00000000;00000000;00000000;00000;00000;
14;48;9;021;99;Busturia                                          ;00002;00000;00000;00000;00000;00001388;00000000;00000000;00000000;00000000;00000;00000;
14;48;9;022;99;Karrantza Harana/Valle de Carranza                ;00003;00000;00000;00000;00000;00002411;00000000;00000000;00000000;00000000;00000;00000;
14;48;9;023;99;Artea                                             ;00001;00000;00000;00000;00000;00000602;00000000;00000000;00000000;00000000;00000;00000;
14;48;9;024;99;Zeanuri                                           ;00001;00000;00000;00000;00000;00001013;00000000;00000000;00000000;00000000;00000;00000;
14;48;9;025;99;Zeberio                                           ;00002;00000;00000;00000;00000;00000889;00000000;00000000;00000000;00000000;00000;00000;
14;48;9;026;99;Dima                                              ;00001;00000;00000;00000;00000;00001126;00000000;00000000;00000000;00000000;00000;00000;
14;48;9;027;99;Durango                                           ;00028;00000;00000;00000;00000;00021939;00000000;00000000;00000000;00000000;00000;00000;
14;48;9;028;99;Ea                                                ;00001;00000;00000;00000;00000;00000736;00000000;00000000;00000000;00000000;00000;00000;
14;48;9;029;99;Etxebarri                                         ;00010;00000;00000;00000;00000;00008247;00000000;00000000;00000000;00000000;00000;00000;
14;48;9;030;99;Etxebarria                                        ;00001;00000;00000;00000;00000;00000618;00000000;00000000;00000000;00000000;00000;00000;
14;48;9;031;99;Elantxobe                                         ;00001;00000;00000;00000;00000;00000348;00000000;00000000;00000000;00000000;00000;00000;
14;48;9;032;99;Elorrio                                           ;00008;00000;00000;00000;00000;00005780;00000000;00000000;00000000;00000000;00000;00000;
14;48;9;033;99;Ereño                                             ;00001;00000;00000;00000;00000;00000213;00000000;00000000;00000000;00000000;00000;00000;
14;48;9;034;99;Ermua                                             ;00018;00000;00000;00000;00000;00013008;00000000;00000000;00000000;00000000;00000;00000;
14;48;9;035;99;Fruiz                                             ;00001;00000;00000;00000;00000;00000430;00000000;00000000;00000000;00000000;00000;00000;
14;48;9;036;99;Galdakao                                          ;00033;00000;00000;00000;00000;00024185;00000000;00000000;00000000;00000000;00000;00000;
14;48;9;037;99;Galdames                                          ;00002;00000;00000;00000;00000;00000690;00000000;00000000;00000000;00000000;00000;00000;
14;48;9;038;99;Gamiz-Fika                                        ;00002;00000;00000;00000;00000;00001097;00000000;00000000;00000000;00000000;00000;00000;
14;48;9;039;99;Garai                                             ;00001;00000;00000;00000;00000;00000246;00000000;00000000;00000000;00000000;00000;00000;
14;48;9;040;99;Gatika                                            ;00002;00000;00000;00000;00000;00001278;00000000;00000000;00000000;00000000;00000;00000;
14;48;9;041;99;Gautegiz Arteaga                                  ;00001;00000;00000;00000;00000;00000698;00000000;00000000;00000000;00000000;00000;00000;
14;48;9;042;99;Gordexola                                         ;00002;00000;00000;00000;00000;00001381;00000000;00000000;00000000;00000000;00000;00000;
14;48;9;043;99;Gorliz                                            ;00005;00000;00000;00000;00000;00004375;00000000;00000000;00000000;00000000;00000;00000;
14;48;9;044;99;Getxo                                             ;00081;00000;00000;00000;00000;00063646;00000000;00000000;00000000;00000000;00000;00000;
14;48;9;045;99;Güeñes                                            ;00007;00000;00000;00000;00000;00005099;00000000;00000000;00000000;00000000;00000;00000;
14;48;9;046;99;Gernika-Lumo                                      ;00015;00000;00000;00000;00000;00012816;00000000;00000000;00000000;00000000;00000;00000;
14;48;9;047;99;Gizaburuaga                                       ;00001;00000;00000;00000;00000;00000159;00000000;00000000;00000000;00000000;00000;00000;
14;48;9;048;99;Ibarrangelu                                       ;00001;00000;00000;00000;00000;00000553;00000000;00000000;00000000;00000000;00000;00000;
14;48;9;049;99;Ispaster                                          ;00001;00000;00000;00000;00000;00000559;00000000;00000000;00000000;00000000;00000;00000;
14;48;9;050;99;Izurtza                                           ;00001;00000;00000;00000;00000;00000213;00000000;00000000;00000000;00000000;00000;00000;
14;48;9;051;99;Lanestosa                                         ;00001;00000;00000;00000;00000;00000212;00000000;00000000;00000000;00000000;00000;00000;
14;48;9;052;99;Larrabetzu                                        ;00002;00000;00000;00000;00000;00001549;00000000;00000000;00000000;00000000;00000;00000;
14;48;9;053;99;Laukiz                                            ;00001;00000;00000;00000;00000;00000882;00000000;00000000;00000000;00000000;00000;00000;
14;48;9;054;99;Leioa                                             ;00031;00000;00000;00000;00000;00023911;00000000;00000000;00000000;00000000;00000;00000;
14;48;9;055;99;Lemoa                                             ;00003;00000;00000;00000;00000;00002691;00000000;00000000;00000000;00000000;00000;00000;
14;48;9;056;99;Lemoiz                                            ;00001;00000;00000;00000;00000;00000943;00000000;00000000;00000000;00000000;00000;00000;
14;48;9;057;99;Lekeitio                                          ;00007;00000;00000;00000;00000;00005842;00000000;00000000;00000000;00000000;00000;00000;
14;48;9;058;99;Mallabia                                          ;00001;00000;00000;00000;00000;00000987;00000000;00000000;00000000;00000000;00000;00000;
14;48;9;059;99;Mañaria                                           ;00001;00000;00000;00000;00000;00000406;00000000;00000000;00000000;00000000;00000;00000;
14;48;9;060;99;Markina-Xemein                                    ;00005;00000;00000;00000;00000;00003670;00000000;00000000;00000000;00000000;00000;00000;
14;48;9;061;99;Maruri-Jatabe                                     ;00001;00000;00000;00000;00000;00000753;00000000;00000000;00000000;00000000;00000;00000;
14;48;9;062;99;Mendata                                           ;00001;00000;00000;00000;00000;00000305;00000000;00000000;00000000;00000000;00000;00000;
14;48;9;063;99;Mendexa                                           ;00001;00000;00000;00000;00000;00000365;00000000;00000000;00000000;00000000;00000;00000;
14;48;9;064;99;Meñaka                                            ;00001;00000;00000;00000;00000;00000607;00000000;00000000;00000000;00000000;00000;00000;
14;48;9;065;99;Ugao-Miraballes                                   ;00004;00000;00000;00000;00000;00003312;00000000;00000000;00000000;00000000;00000;00000;
14;48;9;066;99;Morga                                             ;00001;00000;00000;00000;00000;00000353;00000000;00000000;00000000;00000000;00000;00000;
14;48;9;067;99;Muxika                                            ;00002;00000;00000;00000;00000;00001173;00000000;00000000;00000000;00000000;00000;00000;
14;48;9;068;99;Mundaka                                           ;00002;00000;00000;00000;00000;00001572;00000000;00000000;00000000;00000000;00000;00000;
14;48;9;069;99;Mungia                                            ;00015;00000;00000;00000;00000;00012679;00000000;00000000;00000000;00000000;00000;00000;
14;48;9;070;99;Aulesti                                           ;00001;00000;00000;00000;00000;00000543;00000000;00000000;00000000;00000000;00000;00000;
14;48;9;071;99;Muskiz                                            ;00010;00000;00000;00000;00000;00006158;00000000;00000000;00000000;00000000;00000;00000;
14;48;9;072;99;Otxandio                                          ;00001;00000;00000;00000;00000;00000999;00000000;00000000;00000000;00000000;00000;00000;
14;48;9;073;99;Ondarroa                                          ;00009;00000;00000;00000;00000;00007036;00000000;00000000;00000000;00000000;00000;00000;
14;48;9;074;99;Urduña/Orduña                                     ;00004;00000;00000;00000;00000;00003355;00000000;00000000;00000000;00000000;00000;00000;
14;48;9;075;99;Orozko                                            ;00003;00000;00000;00000;00000;00001994;00000000;00000000;00000000;00000000;00000;00000;
14;48;9;076;99;Sukarrieta                                        ;00001;00000;00000;00000;00000;00000306;00000000;00000000;00000000;00000000;00000;00000;
14;48;9;077;99;Plentzia                                          ;00004;00000;00000;00000;00000;00003411;00000000;00000000;00000000;00000000;00000;00000;
14;48;9;078;99;Portugalete                                       ;00049;00000;00000;00000;00000;00039341;00000000;00000000;00000000;00000000;00000;00000;
14;48;9;079;99;Errigoiti                                         ;00001;00000;00000;00000;00000;00000443;00000000;00000000;00000000;00000000;00000;00000;
14;48;9;080;99;Valle de Trápaga-Trapagaran                       ;00015;00000;00000;00000;00000;00010029;00000000;00000000;00000000;00000000;00000;00000;
14;48;9;081;99;Lezama                                            ;00002;00000;00000;00000;00000;00001919;00000000;00000000;00000000;00000000;00000;00000;
14;48;9;082;99;Santurtzi                                         ;00045;00000;00000;00000;00000;00038150;00000000;00000000;00000000;00000000;00000;00000;
14;48;9;083;99;Ortuella                                          ;00010;00000;00000;00000;00000;00006991;00000000;00000000;00000000;00000000;00000;00000;
14;48;9;084;99;Sestao                                            ;00027;00000;00000;00000;00000;00022951;00000000;00000000;00000000;00000000;00000;00000;
14;48;9;085;99;Sopelana                                          ;00012;00000;00000;00000;00000;00010109;00000000;00000000;00000000;00000000;00000;00000;
14;48;9;086;99;Sopuerta                                          ;00002;00000;00000;00000;00000;00002053;00000000;00000000;00000000;00000000;00000;00000;
14;48;9;087;99;Trucios-Turtzioz                                  ;00001;00000;00000;00000;00000;00000444;00000000;00000000;00000000;00000000;00000;00000;
14;48;9;088;99;Ubide                                             ;00001;00000;00000;00000;00000;00000141;00000000;00000000;00000000;00000000;00000;00000;
14;48;9;089;99;Urduliz                                           ;00004;00000;00000;00000;00000;00003161;00000000;00000000;00000000;00000000;00000;00000;
14;48;9;090;99;Balmaseda                                         ;00009;00000;00000;00000;00000;00006152;00000000;00000000;00000000;00000000;00000;00000;
14;48;9;091;99;Atxondo                                           ;00002;00000;00000;00000;00000;00001155;00000000;00000000;00000000;00000000;00000;00000;
14;48;9;092;99;Bedia                                             ;00001;00000;00000;00000;00000;00000841;00000000;00000000;00000000;00000000;00000;00000;
14;48;9;093;99;Areatza                                           ;00001;00000;00000;00000;00000;00000913;00000000;00000000;00000000;00000000;00000;00000;
14;48;9;094;99;Igorre                                            ;00004;00000;00000;00000;00000;00003254;00000000;00000000;00000000;00000000;00000;00000;
14;48;9;095;99;Zaldibar                                          ;00003;00000;00000;00000;00000;00002368;00000000;00000000;00000000;00000000;00000;00000;
14;48;9;096;99;Zalla                                             ;00009;00000;00000;00000;00000;00006711;00000000;00000000;00000000;00000000;00000;00000;
14;48;9;097;99;Zaratamo                                          ;00002;00000;00000;00000;00000;00001330;00000000;00000000;00000000;00000000;00000;00000;
14;48;9;901;99;Derio                                             ;00005;00000;00000;00000;00000;00004681;00000000;00000000;00000000;00000000;00000;00000;
14;48;9;902;99;Erandio                                           ;00025;00000;00000;00000;00000;00019125;00000000;00000000;00000000;00000000;00000;00000;
14;48;9;903;99;Loiu                                              ;00004;00000;00000;00000;00000;00001836;00000000;00000000;00000000;00000000;00000;00000;
14;48;9;904;99;Sondika                                           ;00005;00000;00000;00000;00000;00003559;00000000;00000000;00000000;00000000;00000;00000;
14;48;9;905;99;Zamudio                                           ;00003;00000;00000;00000;00000;00002594;00000000;00000000;00000000;00000000;00000;00000;
14;48;9;906;99;Forua                                             ;00001;00000;00000;00000;00000;00000763;00000000;00000000;00000000;00000000;00000;00000;
14;48;9;907;99;Kortezubi                                         ;00001;00000;00000;00000;00000;00000356;00000000;00000000;00000000;00000000;00000;00000;
14;48;9;908;99;Murueta                                           ;00001;00000;00000;00000;00000;00000244;00000000;00000000;00000000;00000000;00000;00000;
14;48;9;909;99;Nabarniz                                          ;00001;00000;00000;00000;00000;00000194;00000000;00000000;00000000;00000000;00000;00000;
14;48;9;910;99;Iurreta                                           ;00005;00000;00000;00000;00000;00003022;00000000;00000000;00000000;00000000;00000;00000;
14;48;9;911;99;Ajangiz                                           ;00001;00000;00000;00000;00000;00000382;00000000;00000000;00000000;00000000;00000;00000;
14;48;9;912;99;Alonsotegi                                        ;00004;00000;00000;00000;00000;00002305;00000000;00000000;00000000;00000000;00000;00000;
14;48;9;913;99;Zierbena                                          ;00002;00000;00000;00000;00000;00001259;00000000;00000000;00000000;00000000;00000;00000;
14;48;9;914;99;Arratzu                                           ;00001;00000;00000;00000;00000;00000329;00000000;00000000;00000000;00000000;00000;00000;
14;48;9;915;99;Ziortza-Bolibar                                   ;00001;00000;00000;00000;00000;00000366;00000000;00000000;00000000;00000000;00000;00000;
