11;27;9;001;99;Abadín                                            ;00004;00000;00000;00000;00000;00002464;00000000;00000000;00000000;00000000;00000;00000;
11;27;9;002;99;Alfoz                                             ;00005;00000;00000;00000;00000;00001711;00000000;00000000;00000000;00000000;00000;00000;
11;27;9;003;99;Antas de Ulla                                     ;00005;00000;00000;00000;00000;00001979;00000000;00000000;00000000;00000000;00000;00000;
11;27;9;004;99;Baleira                                           ;00004;00000;00000;00000;00000;00001295;00000000;00000000;00000000;00000000;00000;00000;
11;27;9;005;99;Barreiros                                         ;00005;00000;00000;00000;00000;00002649;00000000;00000000;00000000;00000000;00000;00000;
11;27;9;006;99;Becerreá                                          ;00005;00000;00000;00000;00000;00002690;00000000;00000000;00000000;00000000;00000;00000;
11;27;9;007;99;Begonte                                           ;00006;00000;00000;00000;00000;00002877;00000000;00000000;00000000;00000000;00000;00000;
11;27;9;008;99;Bóveda                                            ;00004;00000;00000;00000;00000;00001409;00000000;00000000;00000000;00000000;00000;00000;
11;27;9;009;99;Carballedo                                        ;00007;00000;00000;00000;00000;00002216;00000000;00000000;00000000;00000000;00000;00000;
11;27;9;010;99;Castro de Rei                                     ;00007;00000;00000;00000;00000;00004495;00000000;00000000;00000000;00000000;00000;00000;
11;27;9;011;99;Castroverde                                       ;00006;00000;00000;00000;00000;00002545;00000000;00000000;00000000;00000000;00000;00000;
11;27;9;012;99;Cervantes                                         ;00004;00000;00000;00000;00000;00001421;00000000;00000000;00000000;00000000;00000;00000;
11;27;9;013;99;Cervo                                             ;00010;00000;00000;00000;00000;00003855;00000000;00000000;00000000;00000000;00000;00000;
11;27;9;014;99;O Corgo                                           ;00006;00000;00000;00000;00000;00003380;00000000;00000000;00000000;00000000;00000;00000;
11;27;9;015;99;Cospeito                                          ;00008;00000;00000;00000;00000;00004414;00000000;00000000;00000000;00000000;00000;00000;
11;27;9;016;99;Chantada                                          ;00017;00000;00000;00000;00000;00007315;00000000;00000000;00000000;00000000;00000;00000;
11;27;9;017;99;Folgoso do Courel                                 ;00002;00000;00000;00000;00000;00001051;00000000;00000000;00000000;00000000;00000;00000;
11;27;9;018;99;A Fonsagrada                                      ;00011;00000;00000;00000;00000;00003648;00000000;00000000;00000000;00000000;00000;00000;
11;27;9;019;99;Foz                                               ;00015;00000;00000;00000;00000;00008179;00000000;00000000;00000000;00000000;00000;00000;
11;27;9;020;99;Friol                                             ;00009;00000;00000;00000;00000;00003639;00000000;00000000;00000000;00000000;00000;00000;
11;27;9;021;99;Xermade                                           ;00005;00000;00000;00000;00000;00001833;00000000;00000000;00000000;00000000;00000;00000;
11;27;9;022;99;Guitiriz                                          ;00012;00000;00000;00000;00000;00004932;00000000;00000000;00000000;00000000;00000;00000;
11;27;9;023;99;Guntín                                            ;00007;00000;00000;00000;00000;00002673;00000000;00000000;00000000;00000000;00000;00000;
11;27;9;024;99;O Incio                                           ;00004;00000;00000;00000;00000;00001668;00000000;00000000;00000000;00000000;00000;00000;
11;27;9;025;99;Xove                                              ;00005;00000;00000;00000;00000;00002916;00000000;00000000;00000000;00000000;00000;00000;
11;27;9;026;99;Láncara                                           ;00005;00000;00000;00000;00000;00002501;00000000;00000000;00000000;00000000;00000;00000;
11;27;9;027;99;Lourenzá                                          ;00004;00000;00000;00000;00000;00002038;00000000;00000000;00000000;00000000;00000;00000;
11;27;9;028;99;Lugo                                              ;00104;00000;00000;00000;00000;00079426;00000000;00000000;00000000;00000000;00000;00000;
11;27;9;029;99;Meira                                             ;00003;00000;00000;00000;00000;00001496;00000000;00000000;00000000;00000000;00000;00000;
11;27;9;030;99;Mondoñedo                                         ;00007;00000;00000;00000;00000;00003512;00000000;00000000;00000000;00000000;00000;00000;
11;27;9;031;99;Monforte de Lemos                                 ;00024;00000;00000;00000;00000;00015899;00000000;00000000;00000000;00000000;00000;00000;
11;27;9;032;99;Monterroso                                        ;00006;00000;00000;00000;00000;00003336;00000000;00000000;00000000;00000000;00000;00000;
11;27;9;033;99;Muras                                             ;00002;00000;00000;00000;00000;00000642;00000000;00000000;00000000;00000000;00000;00000;
11;27;9;034;99;Navia de Suarna                                   ;00003;00000;00000;00000;00000;00001198;00000000;00000000;00000000;00000000;00000;00000;
11;27;9;035;99;Negueira de Muñiz                                 ;00001;00000;00000;00000;00000;00000191;00000000;00000000;00000000;00000000;00000;00000;
11;27;9;037;99;As Nogais                                         ;00002;00000;00000;00000;00000;00001114;00000000;00000000;00000000;00000000;00000;00000;
11;27;9;038;99;Ourol                                             ;00003;00000;00000;00000;00000;00000979;00000000;00000000;00000000;00000000;00000;00000;
11;27;9;039;99;Outeiro de Rei                                    ;00007;00000;00000;00000;00000;00004408;00000000;00000000;00000000;00000000;00000;00000;
11;27;9;040;99;Palas de Rei                                      ;00007;00000;00000;00000;00000;00003260;00000000;00000000;00000000;00000000;00000;00000;
11;27;9;041;99;Pantón                                            ;00006;00000;00000;00000;00000;00002479;00000000;00000000;00000000;00000000;00000;00000;
11;27;9;042;99;Paradela                                          ;00004;00000;00000;00000;00000;00001821;00000000;00000000;00000000;00000000;00000;00000;
11;27;9;043;99;O Páramo                                          ;00004;00000;00000;00000;00000;00001335;00000000;00000000;00000000;00000000;00000;00000;
11;27;9;044;99;A Pastoriza                                       ;00006;00000;00000;00000;00000;00002968;00000000;00000000;00000000;00000000;00000;00000;
11;27;9;045;99;Pedrafita do Cebreiro                             ;00003;00000;00000;00000;00000;00001099;00000000;00000000;00000000;00000000;00000;00000;
11;27;9;046;99;Pol                                               ;00005;00000;00000;00000;00000;00001574;00000000;00000000;00000000;00000000;00000;00000;
11;27;9;047;99;A Pobra do Brollón                                ;00005;00000;00000;00000;00000;00001696;00000000;00000000;00000000;00000000;00000;00000;
11;27;9;048;99;A Pontenova                                       ;00005;00000;00000;00000;00000;00002262;00000000;00000000;00000000;00000000;00000;00000;
11;27;9;049;99;Portomarín                                        ;00003;00000;00000;00000;00000;00001471;00000000;00000000;00000000;00000000;00000;00000;
11;27;9;050;99;Quiroga                                           ;00007;00000;00000;00000;00000;00003098;00000000;00000000;00000000;00000000;00000;00000;
11;27;9;051;99;Ribadeo                                           ;00012;00000;00000;00000;00000;00008228;00000000;00000000;00000000;00000000;00000;00000;
11;27;9;052;99;Ribas de Sil                                      ;00001;00000;00000;00000;00000;00000931;00000000;00000000;00000000;00000000;00000;00000;
11;27;9;053;99;Ribeira de Piquín                                 ;00001;00000;00000;00000;00000;00000561;00000000;00000000;00000000;00000000;00000;00000;
11;27;9;054;99;Riotorto                                          ;00003;00000;00000;00000;00000;00001264;00000000;00000000;00000000;00000000;00000;00000;
11;27;9;055;99;Samos                                             ;00005;00000;00000;00000;00000;00001363;00000000;00000000;00000000;00000000;00000;00000;
11;27;9;056;99;Rábade                                            ;00002;00000;00000;00000;00000;00001322;00000000;00000000;00000000;00000000;00000;00000;
11;27;9;057;99;Sarria                                            ;00021;00000;00000;00000;00000;00011325;00000000;00000000;00000000;00000000;00000;00000;
11;27;9;058;99;O Saviñao                                         ;00010;00000;00000;00000;00000;00003679;00000000;00000000;00000000;00000000;00000;00000;
11;27;9;059;99;Sober                                             ;00008;00000;00000;00000;00000;00002268;00000000;00000000;00000000;00000000;00000;00000;
11;27;9;060;99;Taboada                                           ;00006;00000;00000;00000;00000;00002764;00000000;00000000;00000000;00000000;00000;00000;
11;27;9;061;99;Trabada                                           ;00002;00000;00000;00000;00000;00001089;00000000;00000000;00000000;00000000;00000;00000;
11;27;9;062;99;Triacastela                                       ;00001;00000;00000;00000;00000;00000641;00000000;00000000;00000000;00000000;00000;00000;
11;27;9;063;99;O Valadouro                                       ;00005;00000;00000;00000;00000;00001829;00000000;00000000;00000000;00000000;00000;00000;
11;27;9;064;99;O Vicedo                                          ;00003;00000;00000;00000;00000;00001674;00000000;00000000;00000000;00000000;00000;00000;
11;27;9;065;99;Vilalba                                           ;00024;00000;00000;00000;00000;00012767;00000000;00000000;00000000;00000000;00000;00000;
11;27;9;066;99;Viveiro                                           ;00018;00000;00000;00000;00000;00012906;00000000;00000000;00000000;00000000;00000;00000;
11;27;9;901;99;Baralla                                           ;00005;00000;00000;00000;00000;00002499;00000000;00000000;00000000;00000000;00000;00000;
11;27;9;902;99;Burela                                            ;00010;00000;00000;00000;00000;00007240;00000000;00000000;00000000;00000000;00000;00000;
