08;24;9;001;99;Acebedo                                           ;00001;00000;00000;00000;00000;00000204;00000000;00000000;00000000;00000000;00000;00000;
08;24;9;002;99;Algadefe                                          ;00001;00000;00000;00000;00000;00000249;00000000;00000000;00000000;00000000;00000;00000;
08;24;9;003;99;Alija del Infantado                               ;00002;00000;00000;00000;00000;00000680;00000000;00000000;00000000;00000000;00000;00000;
08;24;9;004;99;Almanza                                           ;00001;00000;00000;00000;00000;00000490;00000000;00000000;00000000;00000000;00000;00000;
08;24;9;005;99;La Antigua                                        ;00001;00000;00000;00000;00000;00000407;00000000;00000000;00000000;00000000;00000;00000;
08;24;9;006;99;Ardón                                             ;00002;00000;00000;00000;00000;00000518;00000000;00000000;00000000;00000000;00000;00000;
08;24;9;007;99;Arganza                                           ;00002;00000;00000;00000;00000;00000796;00000000;00000000;00000000;00000000;00000;00000;
08;24;9;008;99;Astorga                                           ;00012;00000;00000;00000;00000;00009617;00000000;00000000;00000000;00000000;00000;00000;
08;24;9;009;99;Balboa                                            ;00001;00000;00000;00000;00000;00000331;00000000;00000000;00000000;00000000;00000;00000;
08;24;9;010;99;La Bañeza                                         ;00011;00000;00000;00000;00000;00008557;00000000;00000000;00000000;00000000;00000;00000;
08;24;9;011;99;Barjas                                            ;00001;00000;00000;00000;00000;00000210;00000000;00000000;00000000;00000000;00000;00000;
08;24;9;012;99;Los Barrios de Luna                               ;00001;00000;00000;00000;00000;00000307;00000000;00000000;00000000;00000000;00000;00000;
08;24;9;014;99;Bembibre                                          ;00011;00000;00000;00000;00000;00007638;00000000;00000000;00000000;00000000;00000;00000;
08;24;9;015;99;Benavides                                         ;00004;00000;00000;00000;00000;00002325;00000000;00000000;00000000;00000000;00000;00000;
08;24;9;016;99;Benuza                                            ;00001;00000;00000;00000;00000;00000488;00000000;00000000;00000000;00000000;00000;00000;
08;24;9;017;99;Bercianos del Páramo                              ;00001;00000;00000;00000;00000;00000598;00000000;00000000;00000000;00000000;00000;00000;
08;24;9;018;99;Bercianos del Real Camino                         ;00001;00000;00000;00000;00000;00000176;00000000;00000000;00000000;00000000;00000;00000;
08;24;9;019;99;Berlanga del Bierzo                               ;00001;00000;00000;00000;00000;00000353;00000000;00000000;00000000;00000000;00000;00000;
08;24;9;020;99;Boca de Huérgano                                  ;00001;00000;00000;00000;00000;00000469;00000000;00000000;00000000;00000000;00000;00000;
08;24;9;021;99;Boñar                                             ;00002;00000;00000;00000;00000;00001743;00000000;00000000;00000000;00000000;00000;00000;
08;24;9;022;99;Borrenes                                          ;00001;00000;00000;00000;00000;00000349;00000000;00000000;00000000;00000000;00000;00000;
08;24;9;023;99;Brazuelo                                          ;00001;00000;00000;00000;00000;00000273;00000000;00000000;00000000;00000000;00000;00000;
08;24;9;024;99;El Burgo Ranero                                   ;00002;00000;00000;00000;00000;00000706;00000000;00000000;00000000;00000000;00000;00000;
08;24;9;025;99;Burón                                             ;00001;00000;00000;00000;00000;00000303;00000000;00000000;00000000;00000000;00000;00000;
08;24;9;026;99;Bustillo del Páramo                               ;00004;00000;00000;00000;00000;00001251;00000000;00000000;00000000;00000000;00000;00000;
08;24;9;027;99;Cabañas Raras                                     ;00002;00000;00000;00000;00000;00001195;00000000;00000000;00000000;00000000;00000;00000;
08;24;9;028;99;Cabreros del Río                                  ;00001;00000;00000;00000;00000;00000391;00000000;00000000;00000000;00000000;00000;00000;
08;24;9;029;99;Cabrillanes                                       ;00002;00000;00000;00000;00000;00000783;00000000;00000000;00000000;00000000;00000;00000;
08;24;9;030;99;Cacabelos                                         ;00007;00000;00000;00000;00000;00004332;00000000;00000000;00000000;00000000;00000;00000;
08;24;9;031;99;Calzada del Coto                                  ;00001;00000;00000;00000;00000;00000220;00000000;00000000;00000000;00000000;00000;00000;
08;24;9;032;99;Campazas                                          ;00001;00000;00000;00000;00000;00000117;00000000;00000000;00000000;00000000;00000;00000;
08;24;9;033;99;Campo de Villavidel                               ;00001;00000;00000;00000;00000;00000204;00000000;00000000;00000000;00000000;00000;00000;
08;24;9;034;99;Camponaraya                                       ;00006;00000;00000;00000;00000;00003394;00000000;00000000;00000000;00000000;00000;00000;
08;24;9;036;99;Candín                                            ;00001;00000;00000;00000;00000;00000292;00000000;00000000;00000000;00000000;00000;00000;
08;24;9;037;99;Cármenes                                          ;00001;00000;00000;00000;00000;00000391;00000000;00000000;00000000;00000000;00000;00000;
08;24;9;038;99;Carracedelo                                       ;00005;00000;00000;00000;00000;00003173;00000000;00000000;00000000;00000000;00000;00000;
08;24;9;039;99;Carrizo                                           ;00003;00000;00000;00000;00000;00002113;00000000;00000000;00000000;00000000;00000;00000;
08;24;9;040;99;Carrocera                                         ;00002;00000;00000;00000;00000;00000466;00000000;00000000;00000000;00000000;00000;00000;
08;24;9;041;99;Carucedo                                          ;00001;00000;00000;00000;00000;00000559;00000000;00000000;00000000;00000000;00000;00000;
08;24;9;042;99;Castilfalé                                        ;00001;00000;00000;00000;00000;00000071;00000000;00000000;00000000;00000000;00000;00000;
08;24;9;043;99;Castrillo de Cabrera                              ;00001;00000;00000;00000;00000;00000133;00000000;00000000;00000000;00000000;00000;00000;
08;24;9;044;99;Castrillo de la Valduerna                         ;00001;00000;00000;00000;00000;00000174;00000000;00000000;00000000;00000000;00000;00000;
08;24;9;046;99;Castrocalbón                                      ;00002;00000;00000;00000;00000;00000966;00000000;00000000;00000000;00000000;00000;00000;
08;24;9;047;99;Castrocontrigo                                    ;00002;00000;00000;00000;00000;00000799;00000000;00000000;00000000;00000000;00000;00000;
08;24;9;049;99;Castropodame                                      ;00002;00000;00000;00000;00000;00001504;00000000;00000000;00000000;00000000;00000;00000;
08;24;9;050;99;Castrotierra de Valmadrigal                       ;00001;00000;00000;00000;00000;00000106;00000000;00000000;00000000;00000000;00000;00000;
08;24;9;051;99;Cea                                               ;00001;00000;00000;00000;00000;00000449;00000000;00000000;00000000;00000000;00000;00000;
08;24;9;052;99;Cebanico                                          ;00001;00000;00000;00000;00000;00000177;00000000;00000000;00000000;00000000;00000;00000;
08;24;9;053;99;Cebrones del Río                                  ;00001;00000;00000;00000;00000;00000470;00000000;00000000;00000000;00000000;00000;00000;
08;24;9;054;99;Cimanes de la Vega                                ;00001;00000;00000;00000;00000;00000451;00000000;00000000;00000000;00000000;00000;00000;
08;24;9;055;99;Cimanes del Tejar                                 ;00002;00000;00000;00000;00000;00000727;00000000;00000000;00000000;00000000;00000;00000;
08;24;9;056;99;Cistierna                                         ;00005;00000;00000;00000;00000;00003059;00000000;00000000;00000000;00000000;00000;00000;
08;24;9;057;99;Congosto                                          ;00003;00000;00000;00000;00000;00001409;00000000;00000000;00000000;00000000;00000;00000;
08;24;9;058;99;Corbillos de los Oteros                           ;00001;00000;00000;00000;00000;00000213;00000000;00000000;00000000;00000000;00000;00000;
08;24;9;059;99;Corullón                                          ;00002;00000;00000;00000;00000;00000953;00000000;00000000;00000000;00000000;00000;00000;
08;24;9;060;99;Crémenes                                          ;00001;00000;00000;00000;00000;00000635;00000000;00000000;00000000;00000000;00000;00000;
08;24;9;061;99;Cuadros                                           ;00003;00000;00000;00000;00000;00001687;00000000;00000000;00000000;00000000;00000;00000;
08;24;9;062;99;Cubillas de los Oteros                            ;00001;00000;00000;00000;00000;00000144;00000000;00000000;00000000;00000000;00000;00000;
08;24;9;063;99;Cubillas de Rueda                                 ;00001;00000;00000;00000;00000;00000412;00000000;00000000;00000000;00000000;00000;00000;
08;24;9;064;99;Cubillos del Sil                                  ;00003;00000;00000;00000;00000;00001554;00000000;00000000;00000000;00000000;00000;00000;
08;24;9;065;99;Chozas de Abajo                                   ;00004;00000;00000;00000;00000;00002080;00000000;00000000;00000000;00000000;00000;00000;
08;24;9;066;99;Destriana                                         ;00002;00000;00000;00000;00000;00000522;00000000;00000000;00000000;00000000;00000;00000;
08;24;9;067;99;Encinedo                                          ;00002;00000;00000;00000;00000;00000672;00000000;00000000;00000000;00000000;00000;00000;
08;24;9;068;99;La Ercina                                         ;00001;00000;00000;00000;00000;00000481;00000000;00000000;00000000;00000000;00000;00000;
08;24;9;069;99;Escobar de Campos                                 ;00001;00000;00000;00000;00000;00000048;00000000;00000000;00000000;00000000;00000;00000;
08;24;9;070;99;Fabero                                            ;00005;00000;00000;00000;00000;00004334;00000000;00000000;00000000;00000000;00000;00000;
08;24;9;071;99;Folgoso de la Ribera                              ;00002;00000;00000;00000;00000;00001031;00000000;00000000;00000000;00000000;00000;00000;
08;24;9;073;99;Fresno de la Vega                                 ;00001;00000;00000;00000;00000;00000513;00000000;00000000;00000000;00000000;00000;00000;
08;24;9;074;99;Fuentes de Carbajal                               ;00001;00000;00000;00000;00000;00000105;00000000;00000000;00000000;00000000;00000;00000;
08;24;9;076;99;Garrafe de Torío                                  ;00002;00000;00000;00000;00000;00001222;00000000;00000000;00000000;00000000;00000;00000;
08;24;9;077;99;Gordaliza del Pino                                ;00001;00000;00000;00000;00000;00000228;00000000;00000000;00000000;00000000;00000;00000;
08;24;9;078;99;Gordoncillo                                       ;00001;00000;00000;00000;00000;00000425;00000000;00000000;00000000;00000000;00000;00000;
08;24;9;079;99;Gradefes                                          ;00003;00000;00000;00000;00000;00000933;00000000;00000000;00000000;00000000;00000;00000;
08;24;9;080;99;Grajal de Campos                                  ;00001;00000;00000;00000;00000;00000225;00000000;00000000;00000000;00000000;00000;00000;
08;24;9;081;99;Gusendos de los Oteros                            ;00001;00000;00000;00000;00000;00000143;00000000;00000000;00000000;00000000;00000;00000;
08;24;9;082;99;Hospital de Órbigo                                ;00001;00000;00000;00000;00000;00000855;00000000;00000000;00000000;00000000;00000;00000;
08;24;9;083;99;Igüeña                                            ;00004;00000;00000;00000;00000;00001142;00000000;00000000;00000000;00000000;00000;00000;
08;24;9;084;99;Izagre                                            ;00001;00000;00000;00000;00000;00000166;00000000;00000000;00000000;00000000;00000;00000;
08;24;9;086;99;Joarilla de las Matas                             ;00001;00000;00000;00000;00000;00000298;00000000;00000000;00000000;00000000;00000;00000;
08;24;9;087;99;Laguna Dalga                                      ;00001;00000;00000;00000;00000;00000653;00000000;00000000;00000000;00000000;00000;00000;
08;24;9;088;99;Laguna de Negrillos                               ;00001;00000;00000;00000;00000;00001074;00000000;00000000;00000000;00000000;00000;00000;
08;24;9;089;99;León                                              ;00135;00000;00000;00000;00000;00104854;00000000;00000000;00000000;00000000;00000;00000;
08;24;9;090;99;Lucillo                                           ;00001;00000;00000;00000;00000;00000362;00000000;00000000;00000000;00000000;00000;00000;
08;24;9;091;99;Luyego                                            ;00002;00000;00000;00000;00000;00000686;00000000;00000000;00000000;00000000;00000;00000;
08;24;9;092;99;Llamas de la Ribera                               ;00003;00000;00000;00000;00000;00000837;00000000;00000000;00000000;00000000;00000;00000;
08;24;9;093;99;Magaz de Cepeda                                   ;00001;00000;00000;00000;00000;00000382;00000000;00000000;00000000;00000000;00000;00000;
08;24;9;094;99;Mansilla de las Mulas                             ;00002;00000;00000;00000;00000;00001420;00000000;00000000;00000000;00000000;00000;00000;
08;24;9;095;99;Mansilla Mayor                                    ;00001;00000;00000;00000;00000;00000304;00000000;00000000;00000000;00000000;00000;00000;
08;24;9;096;99;Maraña                                            ;00001;00000;00000;00000;00000;00000134;00000000;00000000;00000000;00000000;00000;00000;
08;24;9;097;99;Matadeón de los Oteros                            ;00001;00000;00000;00000;00000;00000238;00000000;00000000;00000000;00000000;00000;00000;
08;24;9;098;99;Matallana de Torío                                ;00003;00000;00000;00000;00000;00001221;00000000;00000000;00000000;00000000;00000;00000;
08;24;9;099;99;Matanza                                           ;00001;00000;00000;00000;00000;00000189;00000000;00000000;00000000;00000000;00000;00000;
08;24;9;100;99;Molinaseca                                        ;00001;00000;00000;00000;00000;00000773;00000000;00000000;00000000;00000000;00000;00000;
08;24;9;101;99;Murias de Paredes                                 ;00001;00000;00000;00000;00000;00000423;00000000;00000000;00000000;00000000;00000;00000;
08;24;9;102;99;Noceda del Bierzo                                 ;00001;00000;00000;00000;00000;00000663;00000000;00000000;00000000;00000000;00000;00000;
08;24;9;103;99;Oencia                                            ;00001;00000;00000;00000;00000;00000302;00000000;00000000;00000000;00000000;00000;00000;
08;24;9;104;99;Las Omañas                                        ;00001;00000;00000;00000;00000;00000273;00000000;00000000;00000000;00000000;00000;00000;
08;24;9;105;99;Onzonilla                                         ;00003;00000;00000;00000;00000;00001449;00000000;00000000;00000000;00000000;00000;00000;
08;24;9;106;99;Oseja de Sajambre                                 ;00001;00000;00000;00000;00000;00000280;00000000;00000000;00000000;00000000;00000;00000;
08;24;9;107;99;Pajares de los Oteros                             ;00001;00000;00000;00000;00000;00000274;00000000;00000000;00000000;00000000;00000;00000;
08;24;9;108;99;Palacios de la Valduerna                          ;00001;00000;00000;00000;00000;00000398;00000000;00000000;00000000;00000000;00000;00000;
08;24;9;109;99;Palacios del Sil                                  ;00002;00000;00000;00000;00000;00001022;00000000;00000000;00000000;00000000;00000;00000;
08;24;9;110;99;Páramo del Sil                                    ;00003;00000;00000;00000;00000;00001242;00000000;00000000;00000000;00000000;00000;00000;
08;24;9;112;99;Peranzanes                                        ;00001;00000;00000;00000;00000;00000315;00000000;00000000;00000000;00000000;00000;00000;
08;24;9;113;99;Pobladura de Pelayo García                        ;00001;00000;00000;00000;00000;00000379;00000000;00000000;00000000;00000000;00000;00000;
08;24;9;114;99;La Pola de Gordón                                 ;00007;00000;00000;00000;00000;00003230;00000000;00000000;00000000;00000000;00000;00000;
08;24;9;115;99;Ponferrada                                        ;00071;00000;00000;00000;00000;00054711;00000000;00000000;00000000;00000000;00000;00000;
08;24;9;116;99;Posada de Valdeón                                 ;00001;00000;00000;00000;00000;00000425;00000000;00000000;00000000;00000000;00000;00000;
08;24;9;117;99;Pozuelo del Páramo                                ;00002;00000;00000;00000;00000;00000466;00000000;00000000;00000000;00000000;00000;00000;
08;24;9;118;99;Prado de la Guzpeña                               ;00001;00000;00000;00000;00000;00000131;00000000;00000000;00000000;00000000;00000;00000;
08;24;9;119;99;Priaranza del Bierzo                              ;00001;00000;00000;00000;00000;00000729;00000000;00000000;00000000;00000000;00000;00000;
08;24;9;120;99;Prioro                                            ;00001;00000;00000;00000;00000;00000350;00000000;00000000;00000000;00000000;00000;00000;
08;24;9;121;99;Puebla de Lillo                                   ;00001;00000;00000;00000;00000;00000634;00000000;00000000;00000000;00000000;00000;00000;
08;24;9;122;99;Puente de Domingo Flórez                          ;00002;00000;00000;00000;00000;00001373;00000000;00000000;00000000;00000000;00000;00000;
08;24;9;123;99;Quintana del Castillo                             ;00002;00000;00000;00000;00000;00000785;00000000;00000000;00000000;00000000;00000;00000;
08;24;9;124;99;Quintana del Marco                                ;00001;00000;00000;00000;00000;00000404;00000000;00000000;00000000;00000000;00000;00000;
08;24;9;125;99;Quintana y Congosto                               ;00002;00000;00000;00000;00000;00000483;00000000;00000000;00000000;00000000;00000;00000;
08;24;9;127;99;Regueras de Arriba                                ;00001;00000;00000;00000;00000;00000316;00000000;00000000;00000000;00000000;00000;00000;
08;24;9;129;99;Reyero                                            ;00001;00000;00000;00000;00000;00000117;00000000;00000000;00000000;00000000;00000;00000;
08;24;9;130;99;Riaño                                             ;00001;00000;00000;00000;00000;00000449;00000000;00000000;00000000;00000000;00000;00000;
08;24;9;131;99;Riego de la Vega                                  ;00002;00000;00000;00000;00000;00000775;00000000;00000000;00000000;00000000;00000;00000;
08;24;9;132;99;Riello                                            ;00002;00000;00000;00000;00000;00000651;00000000;00000000;00000000;00000000;00000;00000;
08;24;9;133;99;Rioseco de Tapia                                  ;00001;00000;00000;00000;00000;00000347;00000000;00000000;00000000;00000000;00000;00000;
08;24;9;134;99;La Robla                                          ;00006;00000;00000;00000;00000;00003609;00000000;00000000;00000000;00000000;00000;00000;
08;24;9;136;99;Roperuelos del Páramo                             ;00002;00000;00000;00000;00000;00000570;00000000;00000000;00000000;00000000;00000;00000;
08;24;9;137;99;Sabero                                            ;00002;00000;00000;00000;00000;00001154;00000000;00000000;00000000;00000000;00000;00000;
08;24;9;139;99;Sahagún                                           ;00004;00000;00000;00000;00000;00002296;00000000;00000000;00000000;00000000;00000;00000;
08;24;9;141;99;San Adrián del Valle                              ;00001;00000;00000;00000;00000;00000099;00000000;00000000;00000000;00000000;00000;00000;
08;24;9;142;99;San Andrés del Rabanedo                           ;00032;00000;00000;00000;00000;00025113;00000000;00000000;00000000;00000000;00000;00000;
08;24;9;143;99;Sancedo                                           ;00001;00000;00000;00000;00000;00000507;00000000;00000000;00000000;00000000;00000;00000;
08;24;9;144;99;San Cristóbal de la Polantera                     ;00002;00000;00000;00000;00000;00000735;00000000;00000000;00000000;00000000;00000;00000;
08;24;9;145;99;San Emiliano                                      ;00001;00000;00000;00000;00000;00000647;00000000;00000000;00000000;00000000;00000;00000;
08;24;9;146;99;San Esteban de Nogales                            ;00001;00000;00000;00000;00000;00000274;00000000;00000000;00000000;00000000;00000;00000;
08;24;9;148;99;San Justo de la Vega                              ;00003;00000;00000;00000;00000;00001722;00000000;00000000;00000000;00000000;00000;00000;
08;24;9;149;99;San Millán de los Caballeros                      ;00001;00000;00000;00000;00000;00000144;00000000;00000000;00000000;00000000;00000;00000;
08;24;9;150;99;San Pedro Bercianos                               ;00001;00000;00000;00000;00000;00000254;00000000;00000000;00000000;00000000;00000;00000;
08;24;9;151;99;Santa Colomba de Curueño                          ;00002;00000;00000;00000;00000;00000496;00000000;00000000;00000000;00000000;00000;00000;
08;24;9;152;99;Santa Colomba de Somoza                           ;00001;00000;00000;00000;00000;00000460;00000000;00000000;00000000;00000000;00000;00000;
08;24;9;153;99;Santa Cristina de Valmadrigal                     ;00001;00000;00000;00000;00000;00000240;00000000;00000000;00000000;00000000;00000;00000;
08;24;9;154;99;Santa Elena de Jamuz                              ;00002;00000;00000;00000;00000;00001027;00000000;00000000;00000000;00000000;00000;00000;
08;24;9;155;99;Santa María de la Isla                            ;00001;00000;00000;00000;00000;00000495;00000000;00000000;00000000;00000000;00000;00000;
08;24;9;156;99;Santa María del Monte de Cea                      ;00001;00000;00000;00000;00000;00000246;00000000;00000000;00000000;00000000;00000;00000;
08;24;9;157;99;Santa María del Páramo                            ;00004;00000;00000;00000;00000;00002655;00000000;00000000;00000000;00000000;00000;00000;
08;24;9;158;99;Santa María de Ordás                              ;00001;00000;00000;00000;00000;00000335;00000000;00000000;00000000;00000000;00000;00000;
08;24;9;159;99;Santa Marina del Rey                              ;00004;00000;00000;00000;00000;00001852;00000000;00000000;00000000;00000000;00000;00000;
08;24;9;160;99;Santas Martas                                     ;00003;00000;00000;00000;00000;00000724;00000000;00000000;00000000;00000000;00000;00000;
08;24;9;161;99;Santiago Millas                                   ;00001;00000;00000;00000;00000;00000283;00000000;00000000;00000000;00000000;00000;00000;
08;24;9;162;99;Santovenia de la Valdoncina                       ;00003;00000;00000;00000;00000;00001647;00000000;00000000;00000000;00000000;00000;00000;
08;24;9;163;99;Sariegos                                          ;00005;00000;00000;00000;00000;00003833;00000000;00000000;00000000;00000000;00000;00000;
08;24;9;164;99;Sena de Luna                                      ;00001;00000;00000;00000;00000;00000370;00000000;00000000;00000000;00000000;00000;00000;
08;24;9;165;99;Sobrado                                           ;00001;00000;00000;00000;00000;00000377;00000000;00000000;00000000;00000000;00000;00000;
08;24;9;166;99;Soto de la Vega                                   ;00004;00000;00000;00000;00000;00001459;00000000;00000000;00000000;00000000;00000;00000;
08;24;9;167;99;Soto y Amío                                       ;00002;00000;00000;00000;00000;00000782;00000000;00000000;00000000;00000000;00000;00000;
08;24;9;168;99;Toral de los Guzmanes                             ;00001;00000;00000;00000;00000;00000475;00000000;00000000;00000000;00000000;00000;00000;
08;24;9;169;99;Toreno                                            ;00004;00000;00000;00000;00000;00003073;00000000;00000000;00000000;00000000;00000;00000;
08;24;9;170;99;Torre del Bierzo                                  ;00003;00000;00000;00000;00000;00001985;00000000;00000000;00000000;00000000;00000;00000;
08;24;9;171;99;Trabadelo                                         ;00001;00000;00000;00000;00000;00000390;00000000;00000000;00000000;00000000;00000;00000;
08;24;9;172;99;Truchas                                           ;00001;00000;00000;00000;00000;00000439;00000000;00000000;00000000;00000000;00000;00000;
08;24;9;173;99;Turcia                                            ;00002;00000;00000;00000;00000;00000984;00000000;00000000;00000000;00000000;00000;00000;
08;24;9;174;99;Urdiales del Páramo                               ;00001;00000;00000;00000;00000;00000494;00000000;00000000;00000000;00000000;00000;00000;
08;24;9;175;99;Valdefresno                                       ;00003;00000;00000;00000;00000;00001806;00000000;00000000;00000000;00000000;00000;00000;
08;24;9;176;99;Valdefuentes del Páramo                           ;00001;00000;00000;00000;00000;00000318;00000000;00000000;00000000;00000000;00000;00000;
08;24;9;177;99;Valdelugueros                                     ;00001;00000;00000;00000;00000;00000486;00000000;00000000;00000000;00000000;00000;00000;
08;24;9;178;99;Valdemora                                         ;00001;00000;00000;00000;00000;00000075;00000000;00000000;00000000;00000000;00000;00000;
08;24;9;179;99;Valdepiélago                                      ;00001;00000;00000;00000;00000;00000309;00000000;00000000;00000000;00000000;00000;00000;
08;24;9;180;99;Valdepolo                                         ;00003;00000;00000;00000;00000;00001160;00000000;00000000;00000000;00000000;00000;00000;
08;24;9;181;99;Valderas                                          ;00002;00000;00000;00000;00000;00001515;00000000;00000000;00000000;00000000;00000;00000;
08;24;9;182;99;Valderrey                                         ;00001;00000;00000;00000;00000;00000427;00000000;00000000;00000000;00000000;00000;00000;
08;24;9;183;99;Valderrueda                                       ;00002;00000;00000;00000;00000;00000840;00000000;00000000;00000000;00000000;00000;00000;
08;24;9;184;99;Valdesamario                                      ;00001;00000;00000;00000;00000;00000209;00000000;00000000;00000000;00000000;00000;00000;
08;24;9;185;99;Val de San Lorenzo                                ;00001;00000;00000;00000;00000;00000488;00000000;00000000;00000000;00000000;00000;00000;
08;24;9;187;99;Valdevimbre                                       ;00003;00000;00000;00000;00000;00000882;00000000;00000000;00000000;00000000;00000;00000;
08;24;9;188;99;Valencia de Don Juan                              ;00005;00000;00000;00000;00000;00003847;00000000;00000000;00000000;00000000;00000;00000;
08;24;9;189;99;Valverde de la Virgen                             ;00008;00000;00000;00000;00000;00005819;00000000;00000000;00000000;00000000;00000;00000;
08;24;9;190;99;Valverde-Enrique                                  ;00001;00000;00000;00000;00000;00000172;00000000;00000000;00000000;00000000;00000;00000;
08;24;9;191;99;Vallecillo                                        ;00001;00000;00000;00000;00000;00000115;00000000;00000000;00000000;00000000;00000;00000;
08;24;9;193;99;La Vecilla                                        ;00001;00000;00000;00000;00000;00000365;00000000;00000000;00000000;00000000;00000;00000;
08;24;9;194;99;Vegacervera                                       ;00001;00000;00000;00000;00000;00000307;00000000;00000000;00000000;00000000;00000;00000;
08;24;9;196;99;Vega de Espinareda                                ;00004;00000;00000;00000;00000;00002126;00000000;00000000;00000000;00000000;00000;00000;
08;24;9;197;99;Vega de Infanzones                                ;00001;00000;00000;00000;00000;00000778;00000000;00000000;00000000;00000000;00000;00000;
08;24;9;198;99;Vega de Valcarce                                  ;00002;00000;00000;00000;00000;00000617;00000000;00000000;00000000;00000000;00000;00000;
08;24;9;199;99;Vegaquemada                                       ;00001;00000;00000;00000;00000;00000423;00000000;00000000;00000000;00000000;00000;00000;
08;24;9;201;99;Vegas del Condado                                 ;00003;00000;00000;00000;00000;00001117;00000000;00000000;00000000;00000000;00000;00000;
08;24;9;202;99;Villablino                                        ;00013;00000;00000;00000;00000;00008399;00000000;00000000;00000000;00000000;00000;00000;
08;24;9;203;99;Villabraz                                         ;00001;00000;00000;00000;00000;00000102;00000000;00000000;00000000;00000000;00000;00000;
08;24;9;205;99;Villadangos del Páramo                            ;00002;00000;00000;00000;00000;00000953;00000000;00000000;00000000;00000000;00000;00000;
08;24;9;206;99;Toral de los Vados                                ;00003;00000;00000;00000;00000;00001825;00000000;00000000;00000000;00000000;00000;00000;
08;24;9;207;99;Villademor de la Vega                             ;00001;00000;00000;00000;00000;00000319;00000000;00000000;00000000;00000000;00000;00000;
08;24;9;209;99;Villafranca del Bierzo                            ;00005;00000;00000;00000;00000;00002917;00000000;00000000;00000000;00000000;00000;00000;
08;24;9;210;99;Villagatón                                        ;00001;00000;00000;00000;00000;00000536;00000000;00000000;00000000;00000000;00000;00000;
08;24;9;211;99;Villamandos                                       ;00001;00000;00000;00000;00000;00000284;00000000;00000000;00000000;00000000;00000;00000;
08;24;9;212;99;Villamañán                                        ;00002;00000;00000;00000;00000;00001067;00000000;00000000;00000000;00000000;00000;00000;
08;24;9;213;99;Villamartín de Don Sancho                         ;00001;00000;00000;00000;00000;00000143;00000000;00000000;00000000;00000000;00000;00000;
08;24;9;214;99;Villamejil                                        ;00002;00000;00000;00000;00000;00000706;00000000;00000000;00000000;00000000;00000;00000;
08;24;9;215;99;Villamol                                          ;00001;00000;00000;00000;00000;00000156;00000000;00000000;00000000;00000000;00000;00000;
08;24;9;216;99;Villamontán de la Valduerna                       ;00002;00000;00000;00000;00000;00000755;00000000;00000000;00000000;00000000;00000;00000;
08;24;9;217;99;Villamoratiel de las Matas                        ;00001;00000;00000;00000;00000;00000140;00000000;00000000;00000000;00000000;00000;00000;
08;24;9;218;99;Villanueva de las Manzanas                        ;00002;00000;00000;00000;00000;00000464;00000000;00000000;00000000;00000000;00000;00000;
08;24;9;219;99;Villaobispo de Otero                              ;00002;00000;00000;00000;00000;00000556;00000000;00000000;00000000;00000000;00000;00000;
08;24;9;221;99;Villaquejida                                      ;00001;00000;00000;00000;00000;00000804;00000000;00000000;00000000;00000000;00000;00000;
08;24;9;222;99;Villaquilambre                                    ;00022;00000;00000;00000;00000;00014216;00000000;00000000;00000000;00000000;00000;00000;
08;24;9;223;99;Villarejo de Órbigo                               ;00005;00000;00000;00000;00000;00002723;00000000;00000000;00000000;00000000;00000;00000;
08;24;9;224;99;Villares de Órbigo                                ;00001;00000;00000;00000;00000;00000634;00000000;00000000;00000000;00000000;00000;00000;
08;24;9;225;99;Villasabariego                                    ;00002;00000;00000;00000;00000;00001039;00000000;00000000;00000000;00000000;00000;00000;
08;24;9;226;99;Villaselán                                        ;00001;00000;00000;00000;00000;00000212;00000000;00000000;00000000;00000000;00000;00000;
08;24;9;227;99;Villaturiel                                       ;00002;00000;00000;00000;00000;00001653;00000000;00000000;00000000;00000000;00000;00000;
08;24;9;228;99;Villazala                                         ;00002;00000;00000;00000;00000;00000689;00000000;00000000;00000000;00000000;00000;00000;
08;24;9;229;99;Villazanzo de Valderaduey                         ;00002;00000;00000;00000;00000;00000448;00000000;00000000;00000000;00000000;00000;00000;
08;24;9;230;99;Zotes del Páramo                                  ;00001;00000;00000;00000;00000;00000439;00000000;00000000;00000000;00000000;00000;00000;
08;24;9;901;99;Villamanín                                        ;00002;00000;00000;00000;00000;00000934;00000000;00000000;00000000;00000000;00000;00000;
08;24;9;902;99;Villaornate y Castro                              ;00001;00000;00000;00000;00000;00000355;00000000;00000000;00000000;00000000;00000;00000;
