01;29;9;001;99;Alameda                                           ;00005;00000;00000;00000;00000;00004187;00000000;00000000;00000000;00000000;00000;00000;
01;29;9;002;99;Alcaucín                                          ;00002;00000;00000;00000;00000;00001507;00000000;00000000;00000000;00000000;00000;00000;
01;29;9;003;99;Alfarnate                                         ;00001;00000;00000;00000;00000;00001054;00000000;00000000;00000000;00000000;00000;00000;
01;29;9;004;99;Alfarnatejo                                       ;00001;00000;00000;00000;00000;00000429;00000000;00000000;00000000;00000000;00000;00000;
01;29;9;005;99;Algarrobo                                         ;00005;00000;00000;00000;00000;00004492;00000000;00000000;00000000;00000000;00000;00000;
01;29;9;006;99;Algatocín                                         ;00001;00000;00000;00000;00000;00000698;00000000;00000000;00000000;00000000;00000;00000;
01;29;9;007;99;Alhaurín de la Torre                              ;00035;00000;00000;00000;00000;00027646;00000000;00000000;00000000;00000000;00000;00000;
01;29;9;008;99;Alhaurín el Grande                                ;00018;00000;00000;00000;00000;00014678;00000000;00000000;00000000;00000000;00000;00000;
01;29;9;009;99;Almáchar                                          ;00002;00000;00000;00000;00000;00001529;00000000;00000000;00000000;00000000;00000;00000;
01;29;9;010;99;Almargen                                          ;00002;00000;00000;00000;00000;00001695;00000000;00000000;00000000;00000000;00000;00000;
01;29;9;011;99;Almogía                                           ;00005;00000;00000;00000;00000;00003137;00000000;00000000;00000000;00000000;00000;00000;
01;29;9;012;99;Álora                                             ;00012;00000;00000;00000;00000;00009992;00000000;00000000;00000000;00000000;00000;00000;
01;29;9;013;99;Alozaina                                          ;00002;00000;00000;00000;00000;00001682;00000000;00000000;00000000;00000000;00000;00000;
01;29;9;014;99;Alpandeire                                        ;00001;00000;00000;00000;00000;00000249;00000000;00000000;00000000;00000000;00000;00000;
01;29;9;015;99;Antequera                                         ;00043;00000;00000;00000;00000;00032001;00000000;00000000;00000000;00000000;00000;00000;
01;29;9;016;99;Árchez                                            ;00001;00000;00000;00000;00000;00000315;00000000;00000000;00000000;00000000;00000;00000;
01;29;9;017;99;Archidona                                         ;00009;00000;00000;00000;00000;00006665;00000000;00000000;00000000;00000000;00000;00000;
01;29;9;018;99;Ardales                                           ;00003;00000;00000;00000;00000;00002085;00000000;00000000;00000000;00000000;00000;00000;
01;29;9;019;99;Arenas                                            ;00001;00000;00000;00000;00000;00000914;00000000;00000000;00000000;00000000;00000;00000;
01;29;9;020;99;Arriate                                           ;00005;00000;00000;00000;00000;00003256;00000000;00000000;00000000;00000000;00000;00000;
01;29;9;021;99;Atajate                                           ;00001;00000;00000;00000;00000;00000138;00000000;00000000;00000000;00000000;00000;00000;
01;29;9;022;99;Benadalid                                         ;00001;00000;00000;00000;00000;00000203;00000000;00000000;00000000;00000000;00000;00000;
01;29;9;023;99;Benahavís                                         ;00003;00000;00000;00000;00000;00002384;00000000;00000000;00000000;00000000;00000;00000;
01;29;9;024;99;Benalauría                                        ;00001;00000;00000;00000;00000;00000412;00000000;00000000;00000000;00000000;00000;00000;
01;29;9;025;99;Benalmádena                                       ;00047;00000;00000;00000;00000;00040369;00000000;00000000;00000000;00000000;00000;00000;
01;29;9;026;99;Benamargosa                                       ;00001;00000;00000;00000;00000;00001142;00000000;00000000;00000000;00000000;00000;00000;
01;29;9;027;99;Benamocarra                                       ;00003;00000;00000;00000;00000;00002410;00000000;00000000;00000000;00000000;00000;00000;
01;29;9;028;99;Benaoján                                          ;00002;00000;00000;00000;00000;00001265;00000000;00000000;00000000;00000000;00000;00000;
01;29;9;029;99;Benarrabá                                         ;00001;00000;00000;00000;00000;00000426;00000000;00000000;00000000;00000000;00000;00000;
01;29;9;030;99;El Borge                                          ;00001;00000;00000;00000;00000;00000820;00000000;00000000;00000000;00000000;00000;00000;
01;29;9;031;99;El Burgo                                          ;00002;00000;00000;00000;00000;00001644;00000000;00000000;00000000;00000000;00000;00000;
01;29;9;032;99;Campillos                                         ;00008;00000;00000;00000;00000;00006755;00000000;00000000;00000000;00000000;00000;00000;
01;29;9;033;99;Canillas de Aceituno                              ;00002;00000;00000;00000;00000;00001222;00000000;00000000;00000000;00000000;00000;00000;
01;29;9;034;99;Canillas de Albaida                               ;00001;00000;00000;00000;00000;00000548;00000000;00000000;00000000;00000000;00000;00000;
01;29;9;035;99;Cañete la Real                                    ;00002;00000;00000;00000;00000;00001647;00000000;00000000;00000000;00000000;00000;00000;
01;29;9;036;99;Carratraca                                        ;00001;00000;00000;00000;00000;00000662;00000000;00000000;00000000;00000000;00000;00000;
01;29;9;037;99;Cartajima                                         ;00001;00000;00000;00000;00000;00000221;00000000;00000000;00000000;00000000;00000;00000;
01;29;9;038;99;Cártama                                           ;00020;00000;00000;00000;00000;00017443;00000000;00000000;00000000;00000000;00000;00000;
01;29;9;039;99;Casabermeja                                       ;00004;00000;00000;00000;00000;00002766;00000000;00000000;00000000;00000000;00000;00000;
01;29;9;040;99;Casarabonela                                      ;00002;00000;00000;00000;00000;00002090;00000000;00000000;00000000;00000000;00000;00000;
01;29;9;041;99;Casares                                           ;00005;00000;00000;00000;00000;00004033;00000000;00000000;00000000;00000000;00000;00000;
01;29;9;042;99;Coín                                              ;00018;00000;00000;00000;00000;00014305;00000000;00000000;00000000;00000000;00000;00000;
01;29;9;043;99;Colmenar                                          ;00003;00000;00000;00000;00000;00002636;00000000;00000000;00000000;00000000;00000;00000;
01;29;9;044;99;Comares                                           ;00003;00000;00000;00000;00000;00000982;00000000;00000000;00000000;00000000;00000;00000;
01;29;9;045;99;Cómpeta                                           ;00002;00000;00000;00000;00000;00002068;00000000;00000000;00000000;00000000;00000;00000;
01;29;9;046;99;Cortes de la Frontera                             ;00005;00000;00000;00000;00000;00002735;00000000;00000000;00000000;00000000;00000;00000;
01;29;9;047;99;Cuevas Bajas                                      ;00001;00000;00000;00000;00000;00001155;00000000;00000000;00000000;00000000;00000;00000;
01;29;9;048;99;Cuevas del Becerro                                ;00002;00000;00000;00000;00000;00001454;00000000;00000000;00000000;00000000;00000;00000;
01;29;9;049;99;Cuevas de San Marcos                              ;00004;00000;00000;00000;00000;00003077;00000000;00000000;00000000;00000000;00000;00000;
01;29;9;050;99;Cútar                                             ;00002;00000;00000;00000;00000;00000476;00000000;00000000;00000000;00000000;00000;00000;
01;29;9;051;99;Estepona                                          ;00052;00000;00000;00000;00000;00042056;00000000;00000000;00000000;00000000;00000;00000;
01;29;9;052;99;Faraján                                           ;00001;00000;00000;00000;00000;00000226;00000000;00000000;00000000;00000000;00000;00000;
01;29;9;053;99;Frigiliana                                        ;00002;00000;00000;00000;00000;00002089;00000000;00000000;00000000;00000000;00000;00000;
01;29;9;054;99;Fuengirola                                        ;00053;00000;00000;00000;00000;00043612;00000000;00000000;00000000;00000000;00000;00000;
01;29;9;055;99;Fuente de Piedra                                  ;00002;00000;00000;00000;00000;00001882;00000000;00000000;00000000;00000000;00000;00000;
01;29;9;056;99;Gaucín                                            ;00002;00000;00000;00000;00000;00001211;00000000;00000000;00000000;00000000;00000;00000;
01;29;9;057;99;Genalguacil                                       ;00001;00000;00000;00000;00000;00000384;00000000;00000000;00000000;00000000;00000;00000;
01;29;9;058;99;Guaro                                             ;00002;00000;00000;00000;00000;00001575;00000000;00000000;00000000;00000000;00000;00000;
01;29;9;059;99;Humilladero                                       ;00004;00000;00000;00000;00000;00002632;00000000;00000000;00000000;00000000;00000;00000;
01;29;9;060;99;Igualeja                                          ;00001;00000;00000;00000;00000;00000707;00000000;00000000;00000000;00000000;00000;00000;
01;29;9;061;99;Istán                                             ;00001;00000;00000;00000;00000;00001039;00000000;00000000;00000000;00000000;00000;00000;
01;29;9;062;99;Iznate                                            ;00001;00000;00000;00000;00000;00000744;00000000;00000000;00000000;00000000;00000;00000;
01;29;9;063;99;Jimera de Líbar                                   ;00001;00000;00000;00000;00000;00000341;00000000;00000000;00000000;00000000;00000;00000;
01;29;9;064;99;Jubrique                                          ;00001;00000;00000;00000;00000;00000548;00000000;00000000;00000000;00000000;00000;00000;
01;29;9;065;99;Júzcar                                            ;00001;00000;00000;00000;00000;00000198;00000000;00000000;00000000;00000000;00000;00000;
01;29;9;066;99;Macharaviaya                                      ;00001;00000;00000;00000;00000;00000356;00000000;00000000;00000000;00000000;00000;00000;
01;29;9;067;01;Centro                                            ;00004;00000;00000;00000;00000;00000000;00000000;00000000;00000000;00000000;00000;00000;
01;29;9;067;02;Málaga-Este                                       ;00064;00000;00000;00000;00000;00000000;00000000;00000000;00000000;00000000;00000;00000;
01;29;9;067;03;Carret y Alamos                                   ;00003;00000;00000;00000;00000;00000000;00000000;00000000;00000000;00000000;00000;00000;
01;29;9;067;04;Victoria                                          ;00014;00000;00000;00000;00000;00000000;00000000;00000000;00000000;00000000;00000;00000;
01;29;9;067;05;La Merced                                         ;00004;00000;00000;00000;00000;00000000;00000000;00000000;00000000;00000000;00000;00000;
01;29;9;067;06;Ciudad-Jardín                                     ;00054;00000;00000;00000;00000;00000000;00000000;00000000;00000000;00000000;00000;00000;
01;29;9;067;07;Málaga-Norte                                      ;00107;00000;00000;00000;00000;00000000;00000000;00000000;00000000;00000000;00000;00000;
01;29;9;067;08;Ronda I.-Campan                                   ;00097;00000;00000;00000;00000;00000000;00000000;00000000;00000000;00000000;00000;00000;
01;29;9;067;09;Málaga-Oeste                                      ;00080;00000;00000;00000;00000;00000000;00000000;00000000;00000000;00000000;00000;00000;
01;29;9;067;10;Carretera Cádiz                                   ;00083;00000;00000;00000;00000;00000000;00000000;00000000;00000000;00000000;00000;00000;
01;29;9;067;11;Churriana                                         ;00016;00000;00000;00000;00000;00000000;00000000;00000000;00000000;00000000;00000;00000;
01;29;9;067;99;Málaga                                            ;00526;00000;00000;00000;00000;00421678;00000000;00000000;00000000;00000000;00000;00000;
01;29;9;068;99;Manilva                                           ;00009;00000;00000;00000;00000;00007676;00000000;00000000;00000000;00000000;00000;00000;
01;29;9;069;99;Marbella                                          ;00101;00000;00000;00000;00000;00086991;00000000;00000000;00000000;00000000;00000;00000;
01;29;9;070;99;Mijas                                             ;00048;00000;00000;00000;00000;00040889;00000000;00000000;00000000;00000000;00000;00000;
01;29;9;071;99;Moclinejo                                         ;00002;00000;00000;00000;00000;00000950;00000000;00000000;00000000;00000000;00000;00000;
01;29;9;072;99;Mollina                                           ;00004;00000;00000;00000;00000;00003566;00000000;00000000;00000000;00000000;00000;00000;
01;29;9;073;99;Monda                                             ;00002;00000;00000;00000;00000;00001588;00000000;00000000;00000000;00000000;00000;00000;
01;29;9;074;99;Montejaque                                        ;00001;00000;00000;00000;00000;00000791;00000000;00000000;00000000;00000000;00000;00000;
01;29;9;075;99;Nerja                                             ;00020;00000;00000;00000;00000;00015257;00000000;00000000;00000000;00000000;00000;00000;
01;29;9;076;99;Ojén                                              ;00003;00000;00000;00000;00000;00002186;00000000;00000000;00000000;00000000;00000;00000;
01;29;9;077;99;Parauta                                           ;00001;00000;00000;00000;00000;00000221;00000000;00000000;00000000;00000000;00000;00000;
01;29;9;079;99;Periana                                           ;00003;00000;00000;00000;00000;00002528;00000000;00000000;00000000;00000000;00000;00000;
01;29;9;080;99;Pizarra                                           ;00009;00000;00000;00000;00000;00006796;00000000;00000000;00000000;00000000;00000;00000;
01;29;9;081;99;Pujerra                                           ;00001;00000;00000;00000;00000;00000260;00000000;00000000;00000000;00000000;00000;00000;
01;29;9;082;99;Rincón de la Victoria                             ;00040;00000;00000;00000;00000;00031400;00000000;00000000;00000000;00000000;00000;00000;
01;29;9;083;99;Riogordo                                          ;00003;00000;00000;00000;00000;00002255;00000000;00000000;00000000;00000000;00000;00000;
01;29;9;084;99;Ronda                                             ;00037;00000;00000;00000;00000;00028717;00000000;00000000;00000000;00000000;00000;00000;
01;29;9;085;99;Salares                                           ;00001;00000;00000;00000;00000;00000174;00000000;00000000;00000000;00000000;00000;00000;
01;29;9;086;99;Sayalonga                                         ;00001;00000;00000;00000;00000;00000890;00000000;00000000;00000000;00000000;00000;00000;
01;29;9;087;99;Sedella                                           ;00001;00000;00000;00000;00000;00000458;00000000;00000000;00000000;00000000;00000;00000;
01;29;9;088;99;Sierra de Yeguas                                  ;00005;00000;00000;00000;00000;00002807;00000000;00000000;00000000;00000000;00000;00000;
01;29;9;089;99;Teba                                              ;00004;00000;00000;00000;00000;00003299;00000000;00000000;00000000;00000000;00000;00000;
01;29;9;090;99;Tolox                                             ;00003;00000;00000;00000;00000;00001776;00000000;00000000;00000000;00000000;00000;00000;
01;29;9;091;99;Torrox                                            ;00013;00000;00000;00000;00000;00009650;00000000;00000000;00000000;00000000;00000;00000;
01;29;9;092;99;Totalán                                           ;00001;00000;00000;00000;00000;00000584;00000000;00000000;00000000;00000000;00000;00000;
01;29;9;093;99;Valle de Abdalajís                                ;00003;00000;00000;00000;00000;00002264;00000000;00000000;00000000;00000000;00000;00000;
01;29;9;094;99;Vélez-Málaga                                      ;00070;00000;00000;00000;00000;00057149;00000000;00000000;00000000;00000000;00000;00000;
01;29;9;095;99;Villanueva de Algaidas                            ;00004;00000;00000;00000;00000;00003448;00000000;00000000;00000000;00000000;00000;00000;
01;29;9;096;99;Villanueva del Rosario                            ;00004;00000;00000;00000;00000;00002883;00000000;00000000;00000000;00000000;00000;00000;
01;29;9;097;99;Villanueva del Trabuco                            ;00005;00000;00000;00000;00000;00004148;00000000;00000000;00000000;00000000;00000;00000;
01;29;9;098;99;Villanueva de Tapia                               ;00002;00000;00000;00000;00000;00001303;00000000;00000000;00000000;00000000;00000;00000;
01;29;9;099;99;Viñuela                                           ;00002;00000;00000;00000;00000;00001306;00000000;00000000;00000000;00000000;00000;00000;
01;29;9;100;99;Yunquera                                          ;00003;00000;00000;00000;00000;00002487;00000000;00000000;00000000;00000000;00000;00000;
01;29;9;901;99;Torremolinos                                      ;00054;00000;00000;00000;00000;00043991;00000000;00000000;00000000;00000000;00000;00000;
01;29;9;902;99;Villanueva de la Concepción                       ;00005;00000;00000;00000;00000;00002627;00000000;00000000;00000000;00000000;00000;00000;
