15;30;9;001;99;Abanilla                                          ;00008;00000;00000;00000;00000;00005169;00000000;00000000;00000000;00000000;00000;00000;
15;30;9;002;99;Abarán                                            ;00016;00000;00000;00000;00000;00009909;00000000;00000000;00000000;00000000;00000;00000;
15;30;9;003;99;Águilas                                           ;00032;00000;00000;00000;00000;00024307;00000000;00000000;00000000;00000000;00000;00000;
15;30;9;004;99;Albudeite                                         ;00002;00000;00000;00000;00000;00001144;00000000;00000000;00000000;00000000;00000;00000;
15;30;9;005;99;Alcantarilla                                      ;00041;00000;00000;00000;00000;00029365;00000000;00000000;00000000;00000000;00000;00000;
15;30;9;006;99;Aledo                                             ;00001;00000;00000;00000;00000;00000819;00000000;00000000;00000000;00000000;00000;00000;
15;30;9;007;99;Alguazas                                          ;00008;00000;00000;00000;00000;00006331;00000000;00000000;00000000;00000000;00000;00000;
15;30;9;008;99;Alhama de Murcia                                  ;00018;00000;00000;00000;00000;00013720;00000000;00000000;00000000;00000000;00000;00000;
15;30;9;009;99;Archena                                           ;00017;00000;00000;00000;00000;00012288;00000000;00000000;00000000;00000000;00000;00000;
15;30;9;010;99;Beniel                                            ;00010;00000;00000;00000;00000;00006871;00000000;00000000;00000000;00000000;00000;00000;
15;30;9;011;99;Blanca                                            ;00007;00000;00000;00000;00000;00004706;00000000;00000000;00000000;00000000;00000;00000;
15;30;9;012;99;Bullas                                            ;00012;00000;00000;00000;00000;00009152;00000000;00000000;00000000;00000000;00000;00000;
15;30;9;013;99;Calasparra                                        ;00010;00000;00000;00000;00000;00007520;00000000;00000000;00000000;00000000;00000;00000;
15;30;9;014;99;Campos del Río                                    ;00003;00000;00000;00000;00000;00001652;00000000;00000000;00000000;00000000;00000;00000;
15;30;9;015;99;Caravaca de la Cruz                               ;00029;00000;00000;00000;00000;00019118;00000000;00000000;00000000;00000000;00000;00000;
15;30;9;016;99;Cartagena                                         ;00202;00000;00000;00000;00000;00151444;00000000;00000000;00000000;00000000;00000;00000;
15;30;9;017;99;Cehegín                                           ;00018;00000;00000;00000;00000;00011734;00000000;00000000;00000000;00000000;00000;00000;
15;30;9;018;99;Ceutí                                             ;00010;00000;00000;00000;00000;00007736;00000000;00000000;00000000;00000000;00000;00000;
15;30;9;019;99;Cieza                                             ;00034;00000;00000;00000;00000;00025826;00000000;00000000;00000000;00000000;00000;00000;
15;30;9;020;99;Fortuna                                           ;00010;00000;00000;00000;00000;00006338;00000000;00000000;00000000;00000000;00000;00000;
15;30;9;021;99;Fuente Álamo de Murcia                            ;00015;00000;00000;00000;00000;00009063;00000000;00000000;00000000;00000000;00000;00000;
15;30;9;022;99;Jumilla                                           ;00025;00000;00000;00000;00000;00016919;00000000;00000000;00000000;00000000;00000;00000;
15;30;9;023;99;Librilla                                          ;00005;00000;00000;00000;00000;00003676;00000000;00000000;00000000;00000000;00000;00000;
15;30;9;024;99;Lorca                                             ;00083;00000;00000;00000;00000;00058642;00000000;00000000;00000000;00000000;00000;00000;
15;30;9;025;99;Lorquí                                            ;00007;00000;00000;00000;00000;00004882;00000000;00000000;00000000;00000000;00000;00000;
15;30;9;026;99;Mazarrón                                          ;00026;00000;00000;00000;00000;00017854;00000000;00000000;00000000;00000000;00000;00000;
15;30;9;027;99;Molina de Segura                                  ;00061;00000;00000;00000;00000;00047310;00000000;00000000;00000000;00000000;00000;00000;
15;30;9;028;99;Moratalla                                         ;00009;00000;00000;00000;00000;00006730;00000000;00000000;00000000;00000000;00000;00000;
15;30;9;029;99;Mula                                              ;00017;00000;00000;00000;00000;00011848;00000000;00000000;00000000;00000000;00000;00000;
15;30;9;030;99;Murcia                                            ;00411;00000;00000;00000;00000;00310751;00000000;00000000;00000000;00000000;00000;00000;
15;30;9;031;99;Ojós                                              ;00001;00000;00000;00000;00000;00000506;00000000;00000000;00000000;00000000;00000;00000;
15;30;9;032;99;Pliego                                            ;00004;00000;00000;00000;00000;00002955;00000000;00000000;00000000;00000000;00000;00000;
15;30;9;033;99;Puerto Lumbreras                                  ;00013;00000;00000;00000;00000;00010232;00000000;00000000;00000000;00000000;00000;00000;
15;30;9;034;99;Ricote                                            ;00002;00000;00000;00000;00000;00001179;00000000;00000000;00000000;00000000;00000;00000;
15;30;9;035;99;San Javier                                        ;00026;00000;00000;00000;00000;00019014;00000000;00000000;00000000;00000000;00000;00000;
15;30;9;036;99;San Pedro del Pinatar                             ;00020;00000;00000;00000;00000;00014443;00000000;00000000;00000000;00000000;00000;00000;
15;30;9;037;99;Torre-Pacheco                                     ;00026;00000;00000;00000;00000;00018770;00000000;00000000;00000000;00000000;00000;00000;
15;30;9;038;99;Las Torres de Cotillas                            ;00022;00000;00000;00000;00000;00015415;00000000;00000000;00000000;00000000;00000;00000;
15;30;9;039;99;Totana                                            ;00028;00000;00000;00000;00000;00019028;00000000;00000000;00000000;00000000;00000;00000;
15;30;9;040;99;Ulea                                              ;00001;00000;00000;00000;00000;00000735;00000000;00000000;00000000;00000000;00000;00000;
15;30;9;041;99;La Unión                                          ;00016;00000;00000;00000;00000;00013485;00000000;00000000;00000000;00000000;00000;00000;
15;30;9;042;99;Villanueva del Río Segura                         ;00002;00000;00000;00000;00000;00001866;00000000;00000000;00000000;00000000;00000;00000;
15;30;9;043;99;Yecla                                             ;00033;00000;00000;00000;00000;00024893;00000000;00000000;00000000;00000000;00000;00000;
15;30;9;901;99;Santomera                                         ;00013;00000;00000;00000;00000;00010361;00000000;00000000;00000000;00000000;00000;00000;
15;30;9;902;99;Los Alcázares                                     ;00010;00000;00000;00000;00000;00008312;00000000;00000000;00000000;00000000;00000;00000;
