02;22;9;001;99;Abiego                                            ;00001;00000;00000;00000;00000;00000234;00000000;00000000;00000000;00000000;00000;00000;
02;22;9;002;99;Abizanda                                          ;00001;00000;00000;00000;00000;00000111;00000000;00000000;00000000;00000000;00000;00000;
02;22;9;003;99;Adahuesca                                         ;00001;00000;00000;00000;00000;00000142;00000000;00000000;00000000;00000000;00000;00000;
02;22;9;004;99;Agüero                                            ;00001;00000;00000;00000;00000;00000143;00000000;00000000;00000000;00000000;00000;00000;
02;22;9;006;99;Aisa                                              ;00001;00000;00000;00000;00000;00000313;00000000;00000000;00000000;00000000;00000;00000;
02;22;9;007;99;Albalate de Cinca                                 ;00001;00000;00000;00000;00000;00000839;00000000;00000000;00000000;00000000;00000;00000;
02;22;9;008;99;Albalatillo                                       ;00001;00000;00000;00000;00000;00000178;00000000;00000000;00000000;00000000;00000;00000;
02;22;9;009;99;Albelda                                           ;00001;00000;00000;00000;00000;00000646;00000000;00000000;00000000;00000000;00000;00000;
02;22;9;011;99;Albero Alto                                       ;00001;00000;00000;00000;00000;00000096;00000000;00000000;00000000;00000000;00000;00000;
02;22;9;012;99;Albero Bajo                                       ;00001;00000;00000;00000;00000;00000101;00000000;00000000;00000000;00000000;00000;00000;
02;22;9;013;99;Alberuela de Tubo                                 ;00001;00000;00000;00000;00000;00000294;00000000;00000000;00000000;00000000;00000;00000;
02;22;9;014;99;Alcalá de Gurrea                                  ;00001;00000;00000;00000;00000;00000259;00000000;00000000;00000000;00000000;00000;00000;
02;22;9;015;99;Alcalá del Obispo                                 ;00001;00000;00000;00000;00000;00000329;00000000;00000000;00000000;00000000;00000;00000;
02;22;9;016;99;Alcampell                                         ;00001;00000;00000;00000;00000;00000625;00000000;00000000;00000000;00000000;00000;00000;
02;22;9;017;99;Alcolea de Cinca                                  ;00001;00000;00000;00000;00000;00000887;00000000;00000000;00000000;00000000;00000;00000;
02;22;9;018;99;Alcubierre                                        ;00001;00000;00000;00000;00000;00000347;00000000;00000000;00000000;00000000;00000;00000;
02;22;9;019;99;Alerre                                            ;00001;00000;00000;00000;00000;00000194;00000000;00000000;00000000;00000000;00000;00000;
02;22;9;020;99;Alfántega                                         ;00001;00000;00000;00000;00000;00000115;00000000;00000000;00000000;00000000;00000;00000;
02;22;9;021;99;Almudévar                                         ;00002;00000;00000;00000;00000;00002029;00000000;00000000;00000000;00000000;00000;00000;
02;22;9;022;99;Almunia de San Juan                               ;00001;00000;00000;00000;00000;00000570;00000000;00000000;00000000;00000000;00000;00000;
02;22;9;023;99;Almuniente                                        ;00001;00000;00000;00000;00000;00000449;00000000;00000000;00000000;00000000;00000;00000;
02;22;9;024;99;Alquézar                                          ;00001;00000;00000;00000;00000;00000243;00000000;00000000;00000000;00000000;00000;00000;
02;22;9;025;99;Altorricón                                        ;00001;00000;00000;00000;00000;00001079;00000000;00000000;00000000;00000000;00000;00000;
02;22;9;027;99;Angüés                                            ;00001;00000;00000;00000;00000;00000324;00000000;00000000;00000000;00000000;00000;00000;
02;22;9;028;99;Ansó                                              ;00001;00000;00000;00000;00000;00000397;00000000;00000000;00000000;00000000;00000;00000;
02;22;9;029;99;Antillón                                          ;00001;00000;00000;00000;00000;00000131;00000000;00000000;00000000;00000000;00000;00000;
02;22;9;032;99;Aragüés del Puerto                                ;00001;00000;00000;00000;00000;00000109;00000000;00000000;00000000;00000000;00000;00000;
02;22;9;035;99;Arén                                              ;00001;00000;00000;00000;00000;00000241;00000000;00000000;00000000;00000000;00000;00000;
02;22;9;036;99;Argavieso                                         ;00001;00000;00000;00000;00000;00000099;00000000;00000000;00000000;00000000;00000;00000;
02;22;9;037;99;Arguis                                            ;00001;00000;00000;00000;00000;00000117;00000000;00000000;00000000;00000000;00000;00000;
02;22;9;039;99;Ayerbe                                            ;00001;00000;00000;00000;00000;00000896;00000000;00000000;00000000;00000000;00000;00000;
02;22;9;040;99;Azanuy-Alins                                      ;00001;00000;00000;00000;00000;00000155;00000000;00000000;00000000;00000000;00000;00000;
02;22;9;041;99;Azara                                             ;00001;00000;00000;00000;00000;00000168;00000000;00000000;00000000;00000000;00000;00000;
02;22;9;042;99;Azlor                                             ;00001;00000;00000;00000;00000;00000116;00000000;00000000;00000000;00000000;00000;00000;
02;22;9;043;99;Baélls                                            ;00001;00000;00000;00000;00000;00000101;00000000;00000000;00000000;00000000;00000;00000;
02;22;9;044;99;Bailo                                             ;00001;00000;00000;00000;00000;00000261;00000000;00000000;00000000;00000000;00000;00000;
02;22;9;045;99;Baldellou                                         ;00001;00000;00000;00000;00000;00000090;00000000;00000000;00000000;00000000;00000;00000;
02;22;9;046;99;Ballobar                                          ;00001;00000;00000;00000;00000;00000746;00000000;00000000;00000000;00000000;00000;00000;
02;22;9;047;99;Banastás                                          ;00001;00000;00000;00000;00000;00000247;00000000;00000000;00000000;00000000;00000;00000;
02;22;9;048;99;Barbastro                                         ;00016;00000;00000;00000;00000;00012651;00000000;00000000;00000000;00000000;00000;00000;
02;22;9;049;99;Barbués                                           ;00001;00000;00000;00000;00000;00000085;00000000;00000000;00000000;00000000;00000;00000;
02;22;9;050;99;Barbuñales                                        ;00001;00000;00000;00000;00000;00000093;00000000;00000000;00000000;00000000;00000;00000;
02;22;9;051;99;Bárcabo                                           ;00001;00000;00000;00000;00000;00000107;00000000;00000000;00000000;00000000;00000;00000;
02;22;9;052;99;Belver de Cinca                                   ;00001;00000;00000;00000;00000;00000983;00000000;00000000;00000000;00000000;00000;00000;
02;22;9;053;99;Benabarre                                         ;00001;00000;00000;00000;00000;00000838;00000000;00000000;00000000;00000000;00000;00000;
02;22;9;054;99;Benasque                                          ;00003;00000;00000;00000;00000;00001599;00000000;00000000;00000000;00000000;00000;00000;
02;22;9;055;99;Berbegal                                          ;00001;00000;00000;00000;00000;00000337;00000000;00000000;00000000;00000000;00000;00000;
02;22;9;057;99;Bielsa                                            ;00001;00000;00000;00000;00000;00000386;00000000;00000000;00000000;00000000;00000;00000;
02;22;9;058;99;Bierge                                            ;00001;00000;00000;00000;00000;00000198;00000000;00000000;00000000;00000000;00000;00000;
02;22;9;059;99;Biescas                                           ;00001;00000;00000;00000;00000;00001142;00000000;00000000;00000000;00000000;00000;00000;
02;22;9;060;99;Binaced                                           ;00001;00000;00000;00000;00000;00001173;00000000;00000000;00000000;00000000;00000;00000;
02;22;9;061;99;Binéfar                                           ;00008;00000;00000;00000;00000;00006855;00000000;00000000;00000000;00000000;00000;00000;
02;22;9;062;99;Bisaurri                                          ;00001;00000;00000;00000;00000;00000169;00000000;00000000;00000000;00000000;00000;00000;
02;22;9;063;99;Biscarrués                                        ;00001;00000;00000;00000;00000;00000183;00000000;00000000;00000000;00000000;00000;00000;
02;22;9;064;99;Blecua y Torres                                   ;00001;00000;00000;00000;00000;00000169;00000000;00000000;00000000;00000000;00000;00000;
02;22;9;066;99;Boltaña                                           ;00001;00000;00000;00000;00000;00000724;00000000;00000000;00000000;00000000;00000;00000;
02;22;9;067;99;Bonansa                                           ;00001;00000;00000;00000;00000;00000070;00000000;00000000;00000000;00000000;00000;00000;
02;22;9;068;99;Borau                                             ;00001;00000;00000;00000;00000;00000082;00000000;00000000;00000000;00000000;00000;00000;
02;22;9;069;99;Broto                                             ;00001;00000;00000;00000;00000;00000429;00000000;00000000;00000000;00000000;00000;00000;
02;22;9;072;99;Caldearenas                                       ;00001;00000;00000;00000;00000;00000190;00000000;00000000;00000000;00000000;00000;00000;
02;22;9;074;99;Campo                                             ;00001;00000;00000;00000;00000;00000319;00000000;00000000;00000000;00000000;00000;00000;
02;22;9;075;99;Camporrélls                                       ;00001;00000;00000;00000;00000;00000141;00000000;00000000;00000000;00000000;00000;00000;
02;22;9;076;99;Canal de Berdún                                   ;00001;00000;00000;00000;00000;00000318;00000000;00000000;00000000;00000000;00000;00000;
02;22;9;077;99;Candasnos                                         ;00001;00000;00000;00000;00000;00000388;00000000;00000000;00000000;00000000;00000;00000;
02;22;9;078;99;Canfranc                                          ;00001;00000;00000;00000;00000;00000450;00000000;00000000;00000000;00000000;00000;00000;
02;22;9;079;99;Capdesaso                                         ;00001;00000;00000;00000;00000;00000126;00000000;00000000;00000000;00000000;00000;00000;
02;22;9;080;99;Capella                                           ;00001;00000;00000;00000;00000;00000282;00000000;00000000;00000000;00000000;00000;00000;
02;22;9;081;99;Casbas de Huesca                                  ;00001;00000;00000;00000;00000;00000262;00000000;00000000;00000000;00000000;00000;00000;
02;22;9;082;99;Castejón del Puente                               ;00001;00000;00000;00000;00000;00000305;00000000;00000000;00000000;00000000;00000;00000;
02;22;9;083;99;Castejón de Monegros                              ;00001;00000;00000;00000;00000;00000482;00000000;00000000;00000000;00000000;00000;00000;
02;22;9;084;99;Castejón de Sos                                   ;00001;00000;00000;00000;00000;00000523;00000000;00000000;00000000;00000000;00000;00000;
02;22;9;085;99;Castelflorite                                     ;00001;00000;00000;00000;00000;00000113;00000000;00000000;00000000;00000000;00000;00000;
02;22;9;086;99;Castiello de Jaca                                 ;00001;00000;00000;00000;00000;00000213;00000000;00000000;00000000;00000000;00000;00000;
02;22;9;087;99;Castigaleu                                        ;00001;00000;00000;00000;00000;00000077;00000000;00000000;00000000;00000000;00000;00000;
02;22;9;088;99;Castillazuelo                                     ;00001;00000;00000;00000;00000;00000166;00000000;00000000;00000000;00000000;00000;00000;
02;22;9;089;99;Castillonroy                                      ;00001;00000;00000;00000;00000;00000309;00000000;00000000;00000000;00000000;00000;00000;
02;22;9;090;99;Colungo                                           ;00001;00000;00000;00000;00000;00000102;00000000;00000000;00000000;00000000;00000;00000;
02;22;9;094;99;Chalamera                                         ;00001;00000;00000;00000;00000;00000098;00000000;00000000;00000000;00000000;00000;00000;
02;22;9;095;99;Chía                                              ;00001;00000;00000;00000;00000;00000078;00000000;00000000;00000000;00000000;00000;00000;
02;22;9;096;99;Chimillas                                         ;00001;00000;00000;00000;00000;00000307;00000000;00000000;00000000;00000000;00000;00000;
02;22;9;099;99;Esplús                                            ;00001;00000;00000;00000;00000;00000512;00000000;00000000;00000000;00000000;00000;00000;
02;22;9;102;99;Estada                                            ;00001;00000;00000;00000;00000;00000185;00000000;00000000;00000000;00000000;00000;00000;
02;22;9;103;99;Estadilla                                         ;00001;00000;00000;00000;00000;00000681;00000000;00000000;00000000;00000000;00000;00000;
02;22;9;105;99;Estopiñán del Castillo                            ;00001;00000;00000;00000;00000;00000114;00000000;00000000;00000000;00000000;00000;00000;
02;22;9;106;99;Fago                                              ;00001;00000;00000;00000;00000;00000024;00000000;00000000;00000000;00000000;00000;00000;
02;22;9;107;99;Fanlo                                             ;00001;00000;00000;00000;00000;00000121;00000000;00000000;00000000;00000000;00000;00000;
02;22;9;109;99;Fiscal                                            ;00001;00000;00000;00000;00000;00000266;00000000;00000000;00000000;00000000;00000;00000;
02;22;9;110;99;Fonz                                              ;00001;00000;00000;00000;00000;00000777;00000000;00000000;00000000;00000000;00000;00000;
02;22;9;111;99;Foradada del Toscar                               ;00001;00000;00000;00000;00000;00000164;00000000;00000000;00000000;00000000;00000;00000;
02;22;9;112;99;Fraga                                             ;00013;00000;00000;00000;00000;00010370;00000000;00000000;00000000;00000000;00000;00000;
02;22;9;113;99;La Fueva                                          ;00001;00000;00000;00000;00000;00000508;00000000;00000000;00000000;00000000;00000;00000;
02;22;9;114;99;Gistaín                                           ;00001;00000;00000;00000;00000;00000135;00000000;00000000;00000000;00000000;00000;00000;
02;22;9;115;99;El Grado                                          ;00001;00000;00000;00000;00000;00000389;00000000;00000000;00000000;00000000;00000;00000;
02;22;9;116;99;Grañén                                            ;00003;00000;00000;00000;00000;00001491;00000000;00000000;00000000;00000000;00000;00000;
02;22;9;117;99;Graus                                             ;00004;00000;00000;00000;00000;00002598;00000000;00000000;00000000;00000000;00000;00000;
02;22;9;119;99;Gurrea de Gállego                                 ;00002;00000;00000;00000;00000;00001354;00000000;00000000;00000000;00000000;00000;00000;
02;22;9;122;99;Hoz de Jaca                                       ;00001;00000;00000;00000;00000;00000065;00000000;00000000;00000000;00000000;00000;00000;
02;22;9;124;99;Huerto                                            ;00001;00000;00000;00000;00000;00000217;00000000;00000000;00000000;00000000;00000;00000;
02;22;9;125;99;Huesca                                            ;00052;00000;00000;00000;00000;00038861;00000000;00000000;00000000;00000000;00000;00000;
02;22;9;126;99;Ibieca                                            ;00001;00000;00000;00000;00000;00000098;00000000;00000000;00000000;00000000;00000;00000;
02;22;9;127;99;Igriés                                            ;00001;00000;00000;00000;00000;00000507;00000000;00000000;00000000;00000000;00000;00000;
02;22;9;128;99;Ilche                                             ;00001;00000;00000;00000;00000;00000189;00000000;00000000;00000000;00000000;00000;00000;
02;22;9;129;99;Isábena                                           ;00001;00000;00000;00000;00000;00000189;00000000;00000000;00000000;00000000;00000;00000;
02;22;9;130;99;Jaca                                              ;00013;00000;00000;00000;00000;00010196;00000000;00000000;00000000;00000000;00000;00000;
02;22;9;131;99;Jasa                                              ;00001;00000;00000;00000;00000;00000094;00000000;00000000;00000000;00000000;00000;00000;
02;22;9;133;99;Labuerda                                          ;00001;00000;00000;00000;00000;00000118;00000000;00000000;00000000;00000000;00000;00000;
02;22;9;135;99;Laluenga                                          ;00001;00000;00000;00000;00000;00000194;00000000;00000000;00000000;00000000;00000;00000;
02;22;9;136;99;Lalueza                                           ;00002;00000;00000;00000;00000;00000858;00000000;00000000;00000000;00000000;00000;00000;
02;22;9;137;99;Lanaja                                            ;00002;00000;00000;00000;00000;00001127;00000000;00000000;00000000;00000000;00000;00000;
02;22;9;139;99;Laperdiguera                                      ;00001;00000;00000;00000;00000;00000085;00000000;00000000;00000000;00000000;00000;00000;
02;22;9;141;99;Lascellas-Ponzano                                 ;00001;00000;00000;00000;00000;00000133;00000000;00000000;00000000;00000000;00000;00000;
02;22;9;142;99;Lascuarre                                         ;00001;00000;00000;00000;00000;00000102;00000000;00000000;00000000;00000000;00000;00000;
02;22;9;143;99;Laspaúles                                         ;00001;00000;00000;00000;00000;00000235;00000000;00000000;00000000;00000000;00000;00000;
02;22;9;144;99;Laspuña                                           ;00001;00000;00000;00000;00000;00000258;00000000;00000000;00000000;00000000;00000;00000;
02;22;9;149;99;Loarre                                            ;00001;00000;00000;00000;00000;00000320;00000000;00000000;00000000;00000000;00000;00000;
02;22;9;150;99;Loporzano                                         ;00001;00000;00000;00000;00000;00000476;00000000;00000000;00000000;00000000;00000;00000;
02;22;9;151;99;Loscorrales                                       ;00001;00000;00000;00000;00000;00000097;00000000;00000000;00000000;00000000;00000;00000;
02;22;9;155;99;Monesma y Cajigar                                 ;00001;00000;00000;00000;00000;00000082;00000000;00000000;00000000;00000000;00000;00000;
02;22;9;156;99;Monflorite-Lascasas                               ;00001;00000;00000;00000;00000;00000246;00000000;00000000;00000000;00000000;00000;00000;
02;22;9;157;99;Montanuy                                          ;00001;00000;00000;00000;00000;00000210;00000000;00000000;00000000;00000000;00000;00000;
02;22;9;158;99;Monzón                                            ;00014;00000;00000;00000;00000;00012086;00000000;00000000;00000000;00000000;00000;00000;
02;22;9;160;99;Naval                                             ;00001;00000;00000;00000;00000;00000219;00000000;00000000;00000000;00000000;00000;00000;
02;22;9;162;99;Novales                                           ;00001;00000;00000;00000;00000;00000133;00000000;00000000;00000000;00000000;00000;00000;
02;22;9;163;99;Nueno                                             ;00001;00000;00000;00000;00000;00000433;00000000;00000000;00000000;00000000;00000;00000;
02;22;9;164;99;Olvena                                            ;00001;00000;00000;00000;00000;00000045;00000000;00000000;00000000;00000000;00000;00000;
02;22;9;165;99;Ontiñena                                          ;00001;00000;00000;00000;00000;00000504;00000000;00000000;00000000;00000000;00000;00000;
02;22;9;167;99;Osso de Cinca                                     ;00001;00000;00000;00000;00000;00000514;00000000;00000000;00000000;00000000;00000;00000;
02;22;9;168;99;Palo                                              ;00001;00000;00000;00000;00000;00000019;00000000;00000000;00000000;00000000;00000;00000;
02;22;9;170;99;Panticosa                                         ;00001;00000;00000;00000;00000;00000633;00000000;00000000;00000000;00000000;00000;00000;
02;22;9;172;99;Peñalba                                           ;00001;00000;00000;00000;00000;00000582;00000000;00000000;00000000;00000000;00000;00000;
02;22;9;173;99;Las Peñas de Riglos                               ;00001;00000;00000;00000;00000;00000241;00000000;00000000;00000000;00000000;00000;00000;
02;22;9;174;99;Peralta de Alcofea                                ;00001;00000;00000;00000;00000;00000488;00000000;00000000;00000000;00000000;00000;00000;
02;22;9;175;99;Peralta de Calasanz                               ;00001;00000;00000;00000;00000;00000203;00000000;00000000;00000000;00000000;00000;00000;
02;22;9;176;99;Peraltilla                                        ;00001;00000;00000;00000;00000;00000178;00000000;00000000;00000000;00000000;00000;00000;
02;22;9;177;99;Perarrúa                                          ;00001;00000;00000;00000;00000;00000101;00000000;00000000;00000000;00000000;00000;00000;
02;22;9;178;99;Pertusa                                           ;00001;00000;00000;00000;00000;00000106;00000000;00000000;00000000;00000000;00000;00000;
02;22;9;181;99;Piracés                                           ;00001;00000;00000;00000;00000;00000091;00000000;00000000;00000000;00000000;00000;00000;
02;22;9;182;99;Plan                                              ;00001;00000;00000;00000;00000;00000269;00000000;00000000;00000000;00000000;00000;00000;
02;22;9;184;99;Poleñino                                          ;00001;00000;00000;00000;00000;00000198;00000000;00000000;00000000;00000000;00000;00000;
02;22;9;186;99;Pozán de Vero                                     ;00001;00000;00000;00000;00000;00000201;00000000;00000000;00000000;00000000;00000;00000;
02;22;9;187;99;La Puebla de Castro                               ;00001;00000;00000;00000;00000;00000310;00000000;00000000;00000000;00000000;00000;00000;
02;22;9;188;99;Puente de Montañana                               ;00001;00000;00000;00000;00000;00000099;00000000;00000000;00000000;00000000;00000;00000;
02;22;9;189;99;Puértolas                                         ;00001;00000;00000;00000;00000;00000197;00000000;00000000;00000000;00000000;00000;00000;
02;22;9;190;99;El Pueyo de Araguás                               ;00001;00000;00000;00000;00000;00000118;00000000;00000000;00000000;00000000;00000;00000;
02;22;9;193;99;Pueyo de Santa Cruz                               ;00001;00000;00000;00000;00000;00000297;00000000;00000000;00000000;00000000;00000;00000;
02;22;9;195;99;Quicena                                           ;00001;00000;00000;00000;00000;00000241;00000000;00000000;00000000;00000000;00000;00000;
02;22;9;197;99;Robres                                            ;00001;00000;00000;00000;00000;00000486;00000000;00000000;00000000;00000000;00000;00000;
02;22;9;199;99;Sabiñánigo                                        ;00009;00000;00000;00000;00000;00007219;00000000;00000000;00000000;00000000;00000;00000;
02;22;9;200;99;Sahún                                             ;00001;00000;00000;00000;00000;00000254;00000000;00000000;00000000;00000000;00000;00000;
02;22;9;201;99;Salas Altas                                       ;00001;00000;00000;00000;00000;00000283;00000000;00000000;00000000;00000000;00000;00000;
02;22;9;202;99;Salas Bajas                                       ;00001;00000;00000;00000;00000;00000142;00000000;00000000;00000000;00000000;00000;00000;
02;22;9;203;99;Salillas                                          ;00001;00000;00000;00000;00000;00000088;00000000;00000000;00000000;00000000;00000;00000;
02;22;9;204;99;Sallent de Gállego                                ;00001;00000;00000;00000;00000;00001117;00000000;00000000;00000000;00000000;00000;00000;
02;22;9;205;99;San Esteban de Litera                             ;00001;00000;00000;00000;00000;00000444;00000000;00000000;00000000;00000000;00000;00000;
02;22;9;206;99;Sangarrén                                         ;00001;00000;00000;00000;00000;00000196;00000000;00000000;00000000;00000000;00000;00000;
02;22;9;207;99;San Juan de Plan                                  ;00001;00000;00000;00000;00000;00000129;00000000;00000000;00000000;00000000;00000;00000;
02;22;9;208;99;Santa Cilia                                       ;00001;00000;00000;00000;00000;00000183;00000000;00000000;00000000;00000000;00000;00000;
02;22;9;209;99;Santa Cruz de la Serós                            ;00001;00000;00000;00000;00000;00000164;00000000;00000000;00000000;00000000;00000;00000;
02;22;9;212;99;Santaliestra y San Quílez                         ;00001;00000;00000;00000;00000;00000089;00000000;00000000;00000000;00000000;00000;00000;
02;22;9;213;99;Sariñena                                          ;00005;00000;00000;00000;00000;00003143;00000000;00000000;00000000;00000000;00000;00000;
02;22;9;214;99;Secastilla                                        ;00001;00000;00000;00000;00000;00000127;00000000;00000000;00000000;00000000;00000;00000;
02;22;9;215;99;Seira                                             ;00001;00000;00000;00000;00000;00000132;00000000;00000000;00000000;00000000;00000;00000;
02;22;9;217;99;Sena                                              ;00001;00000;00000;00000;00000;00000397;00000000;00000000;00000000;00000000;00000;00000;
02;22;9;218;99;Senés de Alcubierre                               ;00001;00000;00000;00000;00000;00000047;00000000;00000000;00000000;00000000;00000;00000;
02;22;9;220;99;Sesa                                              ;00001;00000;00000;00000;00000;00000181;00000000;00000000;00000000;00000000;00000;00000;
02;22;9;221;99;Sesué                                             ;00001;00000;00000;00000;00000;00000097;00000000;00000000;00000000;00000000;00000;00000;
02;22;9;222;99;Siétamo                                           ;00001;00000;00000;00000;00000;00000530;00000000;00000000;00000000;00000000;00000;00000;
02;22;9;223;99;Sopeira                                           ;00001;00000;00000;00000;00000;00000087;00000000;00000000;00000000;00000000;00000;00000;
02;22;9;225;99;Tamarite de Litera                                ;00004;00000;00000;00000;00000;00002757;00000000;00000000;00000000;00000000;00000;00000;
02;22;9;226;99;Tardienta                                         ;00001;00000;00000;00000;00000;00000813;00000000;00000000;00000000;00000000;00000;00000;
02;22;9;227;99;Tella-Sin                                         ;00001;00000;00000;00000;00000;00000232;00000000;00000000;00000000;00000000;00000;00000;
02;22;9;228;99;Tierz                                             ;00001;00000;00000;00000;00000;00000499;00000000;00000000;00000000;00000000;00000;00000;
02;22;9;229;99;Tolva                                             ;00001;00000;00000;00000;00000;00000122;00000000;00000000;00000000;00000000;00000;00000;
02;22;9;230;99;Torla                                             ;00001;00000;00000;00000;00000;00000293;00000000;00000000;00000000;00000000;00000;00000;
02;22;9;232;99;Torralba de Aragón                                ;00001;00000;00000;00000;00000;00000098;00000000;00000000;00000000;00000000;00000;00000;
02;22;9;233;99;Torre la Ribera                                   ;00001;00000;00000;00000;00000;00000091;00000000;00000000;00000000;00000000;00000;00000;
02;22;9;234;99;Torrente de Cinca                                 ;00001;00000;00000;00000;00000;00000821;00000000;00000000;00000000;00000000;00000;00000;
02;22;9;235;99;Torres de Alcanadre                               ;00001;00000;00000;00000;00000;00000101;00000000;00000000;00000000;00000000;00000;00000;
02;22;9;236;99;Torres de Barbués                                 ;00001;00000;00000;00000;00000;00000260;00000000;00000000;00000000;00000000;00000;00000;
02;22;9;239;99;Tramaced                                          ;00001;00000;00000;00000;00000;00000089;00000000;00000000;00000000;00000000;00000;00000;
02;22;9;242;99;Valfarta                                          ;00001;00000;00000;00000;00000;00000064;00000000;00000000;00000000;00000000;00000;00000;
02;22;9;243;99;Valle de Bardají                                  ;00001;00000;00000;00000;00000;00000048;00000000;00000000;00000000;00000000;00000;00000;
02;22;9;244;99;Valle de Lierp                                    ;00001;00000;00000;00000;00000;00000055;00000000;00000000;00000000;00000000;00000;00000;
02;22;9;245;99;Velilla de Cinca                                  ;00001;00000;00000;00000;00000;00000320;00000000;00000000;00000000;00000000;00000;00000;
02;22;9;246;99;Beranuy                                           ;00001;00000;00000;00000;00000;00000087;00000000;00000000;00000000;00000000;00000;00000;
02;22;9;247;99;Viacamp y Litera                                  ;00001;00000;00000;00000;00000;00000034;00000000;00000000;00000000;00000000;00000;00000;
02;22;9;248;99;Vicién                                            ;00001;00000;00000;00000;00000;00000111;00000000;00000000;00000000;00000000;00000;00000;
02;22;9;249;99;Villanova                                         ;00001;00000;00000;00000;00000;00000114;00000000;00000000;00000000;00000000;00000;00000;
02;22;9;250;99;Villanúa                                          ;00001;00000;00000;00000;00000;00000366;00000000;00000000;00000000;00000000;00000;00000;
02;22;9;251;99;Villanueva de Sigena                              ;00001;00000;00000;00000;00000;00000380;00000000;00000000;00000000;00000000;00000;00000;
02;22;9;252;99;Yebra de Basa                                     ;00001;00000;00000;00000;00000;00000126;00000000;00000000;00000000;00000000;00000;00000;
02;22;9;253;99;Yésero                                            ;00001;00000;00000;00000;00000;00000061;00000000;00000000;00000000;00000000;00000;00000;
02;22;9;254;99;Zaidín                                            ;00002;00000;00000;00000;00000;00001146;00000000;00000000;00000000;00000000;00000;00000;
02;22;9;901;99;Valle de Hecho                                    ;00001;00000;00000;00000;00000;00000773;00000000;00000000;00000000;00000000;00000;00000;
02;22;9;902;99;Puente la Reina de Jaca                           ;00001;00000;00000;00000;00000;00000223;00000000;00000000;00000000;00000000;00000;00000;
02;22;9;903;99;San Miguel del Cinca                              ;00002;00000;00000;00000;00000;00000660;00000000;00000000;00000000;00000000;00000;00000;
02;22;9;904;99;La Sotonera                                       ;00003;00000;00000;00000;00000;00000876;00000000;00000000;00000000;00000000;00000;00000;
02;22;9;905;99;Lupiñén-Ortilla                                   ;00001;00000;00000;00000;00000;00000310;00000000;00000000;00000000;00000000;00000;00000;
02;22;9;906;99;Santa María de Dulcis                             ;00001;00000;00000;00000;00000;00000187;00000000;00000000;00000000;00000000;00000;00000;
02;22;9;907;99;Aínsa-Sobrarbe                                    ;00002;00000;00000;00000;00000;00001586;00000000;00000000;00000000;00000000;00000;00000;
02;22;9;908;99;Hoz y Costean                                     ;00001;00000;00000;00000;00000;00000219;00000000;00000000;00000000;00000000;00000;00000;
02;22;9;909;99;Vencillón                                         ;00001;00000;00000;00000;00000;00000314;00000000;00000000;00000000;00000000;00000;00000;
