03;33;9;001;99;Allande                                           ;00004;00000;00000;00000;00000;00001675;00000000;00000000;00000000;00000000;00000;00000;
03;33;9;002;99;Aller                                             ;00018;00000;00000;00000;00000;00010424;00000000;00000000;00000000;00000000;00000;00000;
03;33;9;003;99;Amieva                                            ;00002;00000;00000;00000;00000;00000686;00000000;00000000;00000000;00000000;00000;00000;
03;33;9;004;99;Avilés                                            ;00088;00000;00000;00000;00000;00068142;00000000;00000000;00000000;00000000;00000;00000;
03;33;9;005;99;Belmonte de Miranda                               ;00003;00000;00000;00000;00000;00001518;00000000;00000000;00000000;00000000;00000;00000;
03;33;9;006;99;Bimenes                                           ;00005;00000;00000;00000;00000;00001601;00000000;00000000;00000000;00000000;00000;00000;
03;33;9;007;99;Boal                                              ;00004;00000;00000;00000;00000;00001585;00000000;00000000;00000000;00000000;00000;00000;
03;33;9;008;99;Cabrales                                          ;00004;00000;00000;00000;00000;00001853;00000000;00000000;00000000;00000000;00000;00000;
03;33;9;009;99;Cabranes                                          ;00003;00000;00000;00000;00000;00000932;00000000;00000000;00000000;00000000;00000;00000;
03;33;9;010;99;Candamo                                           ;00005;00000;00000;00000;00000;00001889;00000000;00000000;00000000;00000000;00000;00000;
03;33;9;011;99;Cangas del Narcea                                 ;00027;00000;00000;00000;00000;00011693;00000000;00000000;00000000;00000000;00000;00000;
03;33;9;012;99;Cangas de Onís                                    ;00008;00000;00000;00000;00000;00005331;00000000;00000000;00000000;00000000;00000;00000;
03;33;9;013;99;Caravia                                           ;00002;00000;00000;00000;00000;00000464;00000000;00000000;00000000;00000000;00000;00000;
03;33;9;014;99;Carreño                                           ;00014;00000;00000;00000;00000;00009159;00000000;00000000;00000000;00000000;00000;00000;
03;33;9;015;99;Caso                                              ;00005;00000;00000;00000;00000;00001633;00000000;00000000;00000000;00000000;00000;00000;
03;33;9;016;99;Castrillón                                        ;00026;00000;00000;00000;00000;00019396;00000000;00000000;00000000;00000000;00000;00000;
03;33;9;017;99;Castropol                                         ;00008;00000;00000;00000;00000;00003259;00000000;00000000;00000000;00000000;00000;00000;
03;33;9;018;99;Coaña                                             ;00006;00000;00000;00000;00000;00002924;00000000;00000000;00000000;00000000;00000;00000;
03;33;9;019;99;Colunga                                           ;00005;00000;00000;00000;00000;00003146;00000000;00000000;00000000;00000000;00000;00000;
03;33;9;020;99;Corvera de Asturias                               ;00018;00000;00000;00000;00000;00013442;00000000;00000000;00000000;00000000;00000;00000;
03;33;9;021;99;Cudillero                                         ;00010;00000;00000;00000;00000;00004719;00000000;00000000;00000000;00000000;00000;00000;
03;33;9;022;99;Degaña                                            ;00002;00000;00000;00000;00000;00000925;00000000;00000000;00000000;00000000;00000;00000;
03;33;9;023;99;El Franco                                         ;00007;00000;00000;00000;00000;00003359;00000000;00000000;00000000;00000000;00000;00000;
03;33;9;024;99;Gijón                                             ;00286;00000;00000;00000;00000;00228866;00000000;00000000;00000000;00000000;00000;00000;
03;33;9;025;99;Gozón                                             ;00016;00000;00000;00000;00000;00009377;00000000;00000000;00000000;00000000;00000;00000;
03;33;9;026;99;Grado                                             ;00018;00000;00000;00000;00000;00008831;00000000;00000000;00000000;00000000;00000;00000;
03;33;9;027;99;Grandas de Salime                                 ;00002;00000;00000;00000;00000;00000872;00000000;00000000;00000000;00000000;00000;00000;
03;33;9;028;99;Ibias                                             ;00002;00000;00000;00000;00000;00001358;00000000;00000000;00000000;00000000;00000;00000;
03;33;9;029;99;Illano                                            ;00001;00000;00000;00000;00000;00000386;00000000;00000000;00000000;00000000;00000;00000;
03;33;9;030;99;Illas                                             ;00003;00000;00000;00000;00000;00000920;00000000;00000000;00000000;00000000;00000;00000;
03;33;9;031;99;Langreo                                           ;00050;00000;00000;00000;00000;00036364;00000000;00000000;00000000;00000000;00000;00000;
03;33;9;032;99;Laviana                                           ;00017;00000;00000;00000;00000;00011781;00000000;00000000;00000000;00000000;00000;00000;
03;33;9;033;99;Lena                                              ;00016;00000;00000;00000;00000;00010257;00000000;00000000;00000000;00000000;00000;00000;
03;33;9;034;99;Valdés                                            ;00019;00000;00000;00000;00000;00010963;00000000;00000000;00000000;00000000;00000;00000;
03;33;9;035;99;Llanera                                           ;00020;00000;00000;00000;00000;00011429;00000000;00000000;00000000;00000000;00000;00000;
03;33;9;036;99;Llanes                                            ;00022;00000;00000;00000;00000;00011656;00000000;00000000;00000000;00000000;00000;00000;
03;33;9;037;99;Mieres                                            ;00051;00000;00000;00000;00000;00035783;00000000;00000000;00000000;00000000;00000;00000;
03;33;9;038;99;Morcín                                            ;00003;00000;00000;00000;00000;00002382;00000000;00000000;00000000;00000000;00000;00000;
03;33;9;039;99;Muros de Nalón                                    ;00003;00000;00000;00000;00000;00001689;00000000;00000000;00000000;00000000;00000;00000;
03;33;9;040;99;Nava                                              ;00010;00000;00000;00000;00000;00004605;00000000;00000000;00000000;00000000;00000;00000;
03;33;9;041;99;Navia                                             ;00012;00000;00000;00000;00000;00007410;00000000;00000000;00000000;00000000;00000;00000;
03;33;9;042;99;Noreña                                            ;00005;00000;00000;00000;00000;00004402;00000000;00000000;00000000;00000000;00000;00000;
03;33;9;043;99;Onís                                              ;00002;00000;00000;00000;00000;00000694;00000000;00000000;00000000;00000000;00000;00000;
03;33;9;044;99;Oviedo                                            ;00222;00000;00000;00000;00000;00180321;00000000;00000000;00000000;00000000;00000;00000;
03;33;9;045;99;Parres                                            ;00007;00000;00000;00000;00000;00004601;00000000;00000000;00000000;00000000;00000;00000;
03;33;9;046;99;Peñamellera Alta                                  ;00002;00000;00000;00000;00000;00000533;00000000;00000000;00000000;00000000;00000;00000;
03;33;9;047;99;Peñamellera Baja                                  ;00002;00000;00000;00000;00000;00001154;00000000;00000000;00000000;00000000;00000;00000;
03;33;9;048;99;Pesoz                                             ;00001;00000;00000;00000;00000;00000155;00000000;00000000;00000000;00000000;00000;00000;
03;33;9;049;99;Piloña                                            ;00012;00000;00000;00000;00000;00006563;00000000;00000000;00000000;00000000;00000;00000;
03;33;9;050;99;Ponga                                             ;00001;00000;00000;00000;00000;00000625;00000000;00000000;00000000;00000000;00000;00000;
03;33;9;051;99;Pravia                                            ;00015;00000;00000;00000;00000;00007365;00000000;00000000;00000000;00000000;00000;00000;
03;33;9;052;99;Proaza                                            ;00002;00000;00000;00000;00000;00000740;00000000;00000000;00000000;00000000;00000;00000;
03;33;9;053;99;Quirós                                            ;00003;00000;00000;00000;00000;00001187;00000000;00000000;00000000;00000000;00000;00000;
03;33;9;054;99;Las Regueras                                      ;00005;00000;00000;00000;00000;00001726;00000000;00000000;00000000;00000000;00000;00000;
03;33;9;055;99;Ribadedeva                                        ;00003;00000;00000;00000;00000;00001557;00000000;00000000;00000000;00000000;00000;00000;
03;33;9;056;99;Ribadesella                                       ;00008;00000;00000;00000;00000;00005130;00000000;00000000;00000000;00000000;00000;00000;
03;33;9;057;99;Ribera de Arriba                                  ;00004;00000;00000;00000;00000;00001606;00000000;00000000;00000000;00000000;00000;00000;
03;33;9;058;99;Riosa                                             ;00003;00000;00000;00000;00000;00001851;00000000;00000000;00000000;00000000;00000;00000;
03;33;9;059;99;Salas                                             ;00010;00000;00000;00000;00000;00004882;00000000;00000000;00000000;00000000;00000;00000;
03;33;9;060;99;San Martín del Rey Aurelio                        ;00019;00000;00000;00000;00000;00015144;00000000;00000000;00000000;00000000;00000;00000;
03;33;9;061;99;San Martín de Oscos                               ;00001;00000;00000;00000;00000;00000410;00000000;00000000;00000000;00000000;00000;00000;
03;33;9;062;99;Santa Eulalia de Oscos                            ;00001;00000;00000;00000;00000;00000425;00000000;00000000;00000000;00000000;00000;00000;
03;33;9;063;99;San Tirso de Abres                                ;00001;00000;00000;00000;00000;00000437;00000000;00000000;00000000;00000000;00000;00000;
03;33;9;064;99;Santo Adriano                                     ;00001;00000;00000;00000;00000;00000232;00000000;00000000;00000000;00000000;00000;00000;
03;33;9;065;99;Sariego                                           ;00002;00000;00000;00000;00000;00001135;00000000;00000000;00000000;00000000;00000;00000;
03;33;9;066;99;Siero                                             ;00057;00000;00000;00000;00000;00043171;00000000;00000000;00000000;00000000;00000;00000;
03;33;9;067;99;Sobrescobio                                       ;00002;00000;00000;00000;00000;00000796;00000000;00000000;00000000;00000000;00000;00000;
03;33;9;068;99;Somiedo                                           ;00003;00000;00000;00000;00000;00001148;00000000;00000000;00000000;00000000;00000;00000;
03;33;9;069;99;Soto del Barco                                    ;00006;00000;00000;00000;00000;00003577;00000000;00000000;00000000;00000000;00000;00000;
03;33;9;070;99;Tapia de Casariego                                ;00007;00000;00000;00000;00000;00003420;00000000;00000000;00000000;00000000;00000;00000;
03;33;9;071;99;Taramundi                                         ;00001;00000;00000;00000;00000;00000645;00000000;00000000;00000000;00000000;00000;00000;
03;33;9;072;99;Teverga                                           ;00004;00000;00000;00000;00000;00001662;00000000;00000000;00000000;00000000;00000;00000;
03;33;9;073;99;Tineo                                             ;00020;00000;00000;00000;00000;00008919;00000000;00000000;00000000;00000000;00000;00000;
03;33;9;074;99;Vegadeo                                           ;00008;00000;00000;00000;00000;00003579;00000000;00000000;00000000;00000000;00000;00000;
03;33;9;075;99;Villanueva de Oscos                               ;00001;00000;00000;00000;00000;00000284;00000000;00000000;00000000;00000000;00000;00000;
03;33;9;076;99;Villaviciosa                                      ;00025;00000;00000;00000;00000;00012505;00000000;00000000;00000000;00000000;00000;00000;
03;33;9;077;99;Villayón                                          ;00004;00000;00000;00000;00000;00001266;00000000;00000000;00000000;00000000;00000;00000;
03;33;9;078;99;Yernes y Tameza                                   ;00001;00000;00000;00000;00000;00000156;00000000;00000000;00000000;00000000;00000;00000;
