01;14;9;001;99;Adamuz                                            ;00005;00000;00000;00000;00000;00003635;00000000;00000000;00000000;00000000;00000;00000;
01;14;9;002;99;Aguilar de la Frontera                            ;00014;00000;00000;00000;00000;00011023;00000000;00000000;00000000;00000000;00000;00000;
01;14;9;003;99;Alcaracejos                                       ;00002;00000;00000;00000;00000;00001291;00000000;00000000;00000000;00000000;00000;00000;
01;14;9;004;99;Almedinilla                                       ;00003;00000;00000;00000;00000;00002037;00000000;00000000;00000000;00000000;00000;00000;
01;14;9;005;99;Almodóvar del Río                                 ;00008;00000;00000;00000;00000;00006401;00000000;00000000;00000000;00000000;00000;00000;
01;14;9;006;99;Añora                                             ;00002;00000;00000;00000;00000;00001327;00000000;00000000;00000000;00000000;00000;00000;
01;14;9;007;99;Baena                                             ;00020;00000;00000;00000;00000;00015780;00000000;00000000;00000000;00000000;00000;00000;
01;14;9;008;99;Belalcázar                                        ;00004;00000;00000;00000;00000;00002907;00000000;00000000;00000000;00000000;00000;00000;
01;14;9;009;99;Belmez                                            ;00004;00000;00000;00000;00000;00002836;00000000;00000000;00000000;00000000;00000;00000;
01;14;9;010;99;Benamejí                                          ;00006;00000;00000;00000;00000;00004088;00000000;00000000;00000000;00000000;00000;00000;
01;14;9;011;99;Los Blázquez                                      ;00001;00000;00000;00000;00000;00000579;00000000;00000000;00000000;00000000;00000;00000;
01;14;9;012;99;Bujalance                                         ;00008;00000;00000;00000;00000;00006283;00000000;00000000;00000000;00000000;00000;00000;
01;14;9;013;99;Cabra                                             ;00022;00000;00000;00000;00000;00017000;00000000;00000000;00000000;00000000;00000;00000;
01;14;9;014;99;Cañete de las Torres                              ;00004;00000;00000;00000;00000;00002595;00000000;00000000;00000000;00000000;00000;00000;
01;14;9;015;99;Carcabuey                                         ;00003;00000;00000;00000;00000;00002219;00000000;00000000;00000000;00000000;00000;00000;
01;14;9;016;99;Cardeña                                           ;00003;00000;00000;00000;00000;00001380;00000000;00000000;00000000;00000000;00000;00000;
01;14;9;017;99;La Carlota                                        ;00017;00000;00000;00000;00000;00010854;00000000;00000000;00000000;00000000;00000;00000;
01;14;9;018;99;El Carpio                                         ;00005;00000;00000;00000;00000;00003723;00000000;00000000;00000000;00000000;00000;00000;
01;14;9;019;99;Castro del Río                                    ;00010;00000;00000;00000;00000;00006574;00000000;00000000;00000000;00000000;00000;00000;
01;14;9;020;99;Conquista                                         ;00001;00000;00000;00000;00000;00000405;00000000;00000000;00000000;00000000;00000;00000;
01;14;9;021;99;Córdoba                                           ;00324;00000;00000;00000;00000;00261296;00000000;00000000;00000000;00000000;00000;00000;
01;14;9;022;99;Doña Mencía                                       ;00005;00000;00000;00000;00000;00004070;00000000;00000000;00000000;00000000;00000;00000;
01;14;9;023;99;Dos Torres                                        ;00003;00000;00000;00000;00000;00002031;00000000;00000000;00000000;00000000;00000;00000;
01;14;9;024;99;Encinas Reales                                    ;00003;00000;00000;00000;00000;00001932;00000000;00000000;00000000;00000000;00000;00000;
01;14;9;025;99;Espejo                                            ;00003;00000;00000;00000;00000;00002976;00000000;00000000;00000000;00000000;00000;00000;
01;14;9;026;99;Espiel                                            ;00003;00000;00000;00000;00000;00002040;00000000;00000000;00000000;00000000;00000;00000;
01;14;9;027;99;Fernán-Núñez                                      ;00009;00000;00000;00000;00000;00007980;00000000;00000000;00000000;00000000;00000;00000;
01;14;9;028;99;Fuente la Lancha                                  ;00001;00000;00000;00000;00000;00000324;00000000;00000000;00000000;00000000;00000;00000;
01;14;9;029;99;Fuente Obejuna                                    ;00010;00000;00000;00000;00000;00004288;00000000;00000000;00000000;00000000;00000;00000;
01;14;9;030;99;Fuente Palmera                                    ;00013;00000;00000;00000;00000;00008712;00000000;00000000;00000000;00000000;00000;00000;
01;14;9;031;99;Fuente-Tójar                                      ;00001;00000;00000;00000;00000;00000602;00000000;00000000;00000000;00000000;00000;00000;
01;14;9;032;99;La Granjuela                                      ;00001;00000;00000;00000;00000;00000420;00000000;00000000;00000000;00000000;00000;00000;
01;14;9;033;99;Guadalcázar                                       ;00002;00000;00000;00000;00000;00001289;00000000;00000000;00000000;00000000;00000;00000;
01;14;9;034;99;El Guijo                                          ;00001;00000;00000;00000;00000;00000339;00000000;00000000;00000000;00000000;00000;00000;
01;14;9;035;99;Hinojosa del Duque                                ;00008;00000;00000;00000;00000;00006072;00000000;00000000;00000000;00000000;00000;00000;
01;14;9;036;99;Hornachuelos                                      ;00007;00000;00000;00000;00000;00003778;00000000;00000000;00000000;00000000;00000;00000;
01;14;9;037;99;Iznájar                                           ;00008;00000;00000;00000;00000;00003506;00000000;00000000;00000000;00000000;00000;00000;
01;14;9;038;99;Lucena                                            ;00039;00000;00000;00000;00000;00032490;00000000;00000000;00000000;00000000;00000;00000;
01;14;9;039;99;Luque                                             ;00004;00000;00000;00000;00000;00002649;00000000;00000000;00000000;00000000;00000;00000;
01;14;9;040;99;Montalbán de Córdoba                              ;00005;00000;00000;00000;00000;00003830;00000000;00000000;00000000;00000000;00000;00000;
01;14;9;041;99;Montemayor                                        ;00004;00000;00000;00000;00000;00003208;00000000;00000000;00000000;00000000;00000;00000;
01;14;9;042;99;Montilla                                          ;00023;00000;00000;00000;00000;00019067;00000000;00000000;00000000;00000000;00000;00000;
01;14;9;043;99;Montoro                                           ;00009;00000;00000;00000;00000;00007675;00000000;00000000;00000000;00000000;00000;00000;
01;14;9;044;99;Monturque                                         ;00002;00000;00000;00000;00000;00001603;00000000;00000000;00000000;00000000;00000;00000;
01;14;9;045;99;Moriles                                           ;00004;00000;00000;00000;00000;00003115;00000000;00000000;00000000;00000000;00000;00000;
01;14;9;046;99;Nueva Carteya                                     ;00006;00000;00000;00000;00000;00004524;00000000;00000000;00000000;00000000;00000;00000;
01;14;9;047;99;Obejo                                             ;00002;00000;00000;00000;00000;00001639;00000000;00000000;00000000;00000000;00000;00000;
01;14;9;048;99;Palenciana                                        ;00002;00000;00000;00000;00000;00001224;00000000;00000000;00000000;00000000;00000;00000;
01;14;9;049;99;Palma del Río                                     ;00020;00000;00000;00000;00000;00017093;00000000;00000000;00000000;00000000;00000;00000;
01;14;9;050;99;Pedro Abad                                        ;00004;00000;00000;00000;00000;00002427;00000000;00000000;00000000;00000000;00000;00000;
01;14;9;051;99;Pedroche                                          ;00002;00000;00000;00000;00000;00001416;00000000;00000000;00000000;00000000;00000;00000;
01;14;9;052;99;Peñarroya-Pueblonuevo                             ;00013;00000;00000;00000;00000;00009585;00000000;00000000;00000000;00000000;00000;00000;
01;14;9;053;99;Posadas                                           ;00008;00000;00000;00000;00000;00006081;00000000;00000000;00000000;00000000;00000;00000;
01;14;9;054;99;Pozoblanco                                        ;00017;00000;00000;00000;00000;00013793;00000000;00000000;00000000;00000000;00000;00000;
01;14;9;055;99;Priego de Córdoba                                 ;00027;00000;00000;00000;00000;00018689;00000000;00000000;00000000;00000000;00000;00000;
01;14;9;056;99;Puente Genil                                      ;00028;00000;00000;00000;00000;00023566;00000000;00000000;00000000;00000000;00000;00000;
01;14;9;057;99;La Rambla                                         ;00008;00000;00000;00000;00000;00006127;00000000;00000000;00000000;00000000;00000;00000;
01;14;9;058;99;Rute                                              ;00011;00000;00000;00000;00000;00008137;00000000;00000000;00000000;00000000;00000;00000;
01;14;9;059;99;San Sebastián de los Ballesteros                  ;00001;00000;00000;00000;00000;00000703;00000000;00000000;00000000;00000000;00000;00000;
01;14;9;060;99;Santaella                                         ;00006;00000;00000;00000;00000;00004856;00000000;00000000;00000000;00000000;00000;00000;
01;14;9;061;99;Santa Eufemia                                     ;00001;00000;00000;00000;00000;00000798;00000000;00000000;00000000;00000000;00000;00000;
01;14;9;062;99;Torrecampo                                        ;00002;00000;00000;00000;00000;00001059;00000000;00000000;00000000;00000000;00000;00000;
01;14;9;063;99;Valenzuela                                        ;00001;00000;00000;00000;00000;00001090;00000000;00000000;00000000;00000000;00000;00000;
01;14;9;064;99;Valsequillo                                       ;00001;00000;00000;00000;00000;00000328;00000000;00000000;00000000;00000000;00000;00000;
01;14;9;065;99;La Victoria                                       ;00002;00000;00000;00000;00000;00001868;00000000;00000000;00000000;00000000;00000;00000;
01;14;9;066;99;Villa del Río                                     ;00009;00000;00000;00000;00000;00005946;00000000;00000000;00000000;00000000;00000;00000;
01;14;9;067;99;Villafranca de Córdoba                            ;00005;00000;00000;00000;00000;00003902;00000000;00000000;00000000;00000000;00000;00000;
01;14;9;068;99;Villaharta                                        ;00001;00000;00000;00000;00000;00000576;00000000;00000000;00000000;00000000;00000;00000;
01;14;9;069;99;Villanueva de Córdoba                             ;00012;00000;00000;00000;00000;00007752;00000000;00000000;00000000;00000000;00000;00000;
01;14;9;070;99;Villanueva del Duque                              ;00002;00000;00000;00000;00000;00001363;00000000;00000000;00000000;00000000;00000;00000;
01;14;9;071;99;Villanueva del Rey                                ;00001;00000;00000;00000;00000;00000966;00000000;00000000;00000000;00000000;00000;00000;
01;14;9;072;99;Villaralto                                        ;00002;00000;00000;00000;00000;00001137;00000000;00000000;00000000;00000000;00000;00000;
01;14;9;073;99;Villaviciosa de Córdoba                           ;00004;00000;00000;00000;00000;00002986;00000000;00000000;00000000;00000000;00000;00000;
01;14;9;074;99;El Viso                                           ;00004;00000;00000;00000;00000;00002330;00000000;00000000;00000000;00000000;00000;00000;
01;14;9;075;99;Zuheros                                           ;00001;00000;00000;00000;00000;00000605;00000000;00000000;00000000;00000000;00000;00000;
