08;47;9;001;99;Adalia                                            ;00001;00000;00000;00000;00000;00000053;00000000;00000000;00000000;00000000;00000;00000;
08;47;9;002;99;Aguasal                                           ;00001;00000;00000;00000;00000;00000026;00000000;00000000;00000000;00000000;00000;00000;
08;47;9;003;99;Aguilar de Campos                                 ;00001;00000;00000;00000;00000;00000245;00000000;00000000;00000000;00000000;00000;00000;
08;47;9;004;99;Alaejos                                           ;00002;00000;00000;00000;00000;00001232;00000000;00000000;00000000;00000000;00000;00000;
08;47;9;005;99;Alcazarén                                         ;00001;00000;00000;00000;00000;00000564;00000000;00000000;00000000;00000000;00000;00000;
08;47;9;006;99;Aldea de San Miguel                               ;00001;00000;00000;00000;00000;00000191;00000000;00000000;00000000;00000000;00000;00000;
08;47;9;007;99;Aldeamayor de San Martín                          ;00005;00000;00000;00000;00000;00003706;00000000;00000000;00000000;00000000;00000;00000;
08;47;9;008;99;Almenara de Adaja                                 ;00001;00000;00000;00000;00000;00000026;00000000;00000000;00000000;00000000;00000;00000;
08;47;9;009;99;Amusquillo                                        ;00001;00000;00000;00000;00000;00000114;00000000;00000000;00000000;00000000;00000;00000;
08;47;9;010;99;Arroyo de la Encomienda                           ;00017;00000;00000;00000;00000;00012814;00000000;00000000;00000000;00000000;00000;00000;
08;47;9;011;99;Ataquines                                         ;00001;00000;00000;00000;00000;00000561;00000000;00000000;00000000;00000000;00000;00000;
08;47;9;012;99;Bahabón                                           ;00001;00000;00000;00000;00000;00000122;00000000;00000000;00000000;00000000;00000;00000;
08;47;9;013;99;Barcial de la Loma                                ;00001;00000;00000;00000;00000;00000105;00000000;00000000;00000000;00000000;00000;00000;
08;47;9;014;99;Barruelo del Valle                                ;00001;00000;00000;00000;00000;00000053;00000000;00000000;00000000;00000000;00000;00000;
08;47;9;015;99;Becilla de Valderaduey                            ;00001;00000;00000;00000;00000;00000210;00000000;00000000;00000000;00000000;00000;00000;
08;47;9;016;99;Benafarces                                        ;00001;00000;00000;00000;00000;00000078;00000000;00000000;00000000;00000000;00000;00000;
08;47;9;017;99;Bercero                                           ;00001;00000;00000;00000;00000;00000205;00000000;00000000;00000000;00000000;00000;00000;
08;47;9;018;99;Berceruelo                                        ;00001;00000;00000;00000;00000;00000033;00000000;00000000;00000000;00000000;00000;00000;
08;47;9;019;99;Berrueces                                         ;00001;00000;00000;00000;00000;00000091;00000000;00000000;00000000;00000000;00000;00000;
08;47;9;020;99;Bobadilla del Campo                               ;00001;00000;00000;00000;00000;00000286;00000000;00000000;00000000;00000000;00000;00000;
08;47;9;021;99;Bocigas                                           ;00001;00000;00000;00000;00000;00000080;00000000;00000000;00000000;00000000;00000;00000;
08;47;9;022;99;Bocos de Duero                                    ;00001;00000;00000;00000;00000;00000057;00000000;00000000;00000000;00000000;00000;00000;
08;47;9;023;99;Boecillo                                          ;00003;00000;00000;00000;00000;00002942;00000000;00000000;00000000;00000000;00000;00000;
08;47;9;024;99;Bolaños de Campos                                 ;00001;00000;00000;00000;00000;00000273;00000000;00000000;00000000;00000000;00000;00000;
08;47;9;025;99;Brahojos de Medina                                ;00001;00000;00000;00000;00000;00000125;00000000;00000000;00000000;00000000;00000;00000;
08;47;9;026;99;Bustillo de Chaves                                ;00001;00000;00000;00000;00000;00000052;00000000;00000000;00000000;00000000;00000;00000;
08;47;9;027;99;Cabezón de Pisuerga                               ;00003;00000;00000;00000;00000;00002727;00000000;00000000;00000000;00000000;00000;00000;
08;47;9;028;99;Cabezón de Valderaduey                            ;00001;00000;00000;00000;00000;00000031;00000000;00000000;00000000;00000000;00000;00000;
08;47;9;029;99;Cabreros del Monte                                ;00001;00000;00000;00000;00000;00000060;00000000;00000000;00000000;00000000;00000;00000;
08;47;9;030;99;Campaspero                                        ;00001;00000;00000;00000;00000;00001031;00000000;00000000;00000000;00000000;00000;00000;
08;47;9;031;99;El Campillo                                       ;00001;00000;00000;00000;00000;00000202;00000000;00000000;00000000;00000000;00000;00000;
08;47;9;032;99;Camporredondo                                     ;00001;00000;00000;00000;00000;00000159;00000000;00000000;00000000;00000000;00000;00000;
08;47;9;033;99;Canalejas de Peñafiel                             ;00001;00000;00000;00000;00000;00000206;00000000;00000000;00000000;00000000;00000;00000;
08;47;9;034;99;Canillas de Esgueva                               ;00001;00000;00000;00000;00000;00000080;00000000;00000000;00000000;00000000;00000;00000;
08;47;9;035;99;Carpio                                            ;00001;00000;00000;00000;00000;00000941;00000000;00000000;00000000;00000000;00000;00000;
08;47;9;036;99;Casasola de Arión                                 ;00001;00000;00000;00000;00000;00000246;00000000;00000000;00000000;00000000;00000;00000;
08;47;9;037;99;Castrejón de Trabancos                            ;00001;00000;00000;00000;00000;00000182;00000000;00000000;00000000;00000000;00000;00000;
08;47;9;038;99;Castrillo de Duero                                ;00001;00000;00000;00000;00000;00000114;00000000;00000000;00000000;00000000;00000;00000;
08;47;9;039;99;Castrillo-Tejeriego                               ;00001;00000;00000;00000;00000;00000187;00000000;00000000;00000000;00000000;00000;00000;
08;47;9;040;99;Castrobol                                         ;00001;00000;00000;00000;00000;00000064;00000000;00000000;00000000;00000000;00000;00000;
08;47;9;041;99;Castrodeza                                        ;00001;00000;00000;00000;00000;00000161;00000000;00000000;00000000;00000000;00000;00000;
08;47;9;042;99;Castromembibre                                    ;00001;00000;00000;00000;00000;00000059;00000000;00000000;00000000;00000000;00000;00000;
08;47;9;043;99;Castromonte                                       ;00001;00000;00000;00000;00000;00000323;00000000;00000000;00000000;00000000;00000;00000;
08;47;9;044;99;Castronuevo de Esgueva                            ;00001;00000;00000;00000;00000;00000330;00000000;00000000;00000000;00000000;00000;00000;
08;47;9;045;99;Castronuño                                        ;00001;00000;00000;00000;00000;00000804;00000000;00000000;00000000;00000000;00000;00000;
08;47;9;046;99;Castroponce                                       ;00001;00000;00000;00000;00000;00000125;00000000;00000000;00000000;00000000;00000;00000;
08;47;9;047;99;Castroverde de Cerrato                            ;00001;00000;00000;00000;00000;00000201;00000000;00000000;00000000;00000000;00000;00000;
08;47;9;048;99;Ceinos de Campos                                  ;00001;00000;00000;00000;00000;00000202;00000000;00000000;00000000;00000000;00000;00000;
08;47;9;049;99;Cervillego de la Cruz                             ;00001;00000;00000;00000;00000;00000097;00000000;00000000;00000000;00000000;00000;00000;
08;47;9;050;99;Cigales                                           ;00005;00000;00000;00000;00000;00003728;00000000;00000000;00000000;00000000;00000;00000;
08;47;9;051;99;Ciguñuela                                         ;00001;00000;00000;00000;00000;00000339;00000000;00000000;00000000;00000000;00000;00000;
08;47;9;052;99;Cistérniga                                        ;00008;00000;00000;00000;00000;00006484;00000000;00000000;00000000;00000000;00000;00000;
08;47;9;053;99;Cogeces de Íscar                                  ;00001;00000;00000;00000;00000;00000119;00000000;00000000;00000000;00000000;00000;00000;
08;47;9;054;99;Cogeces del Monte                                 ;00001;00000;00000;00000;00000;00000642;00000000;00000000;00000000;00000000;00000;00000;
08;47;9;055;99;Corcos                                            ;00001;00000;00000;00000;00000;00000198;00000000;00000000;00000000;00000000;00000;00000;
08;47;9;056;99;Corrales de Duero                                 ;00001;00000;00000;00000;00000;00000088;00000000;00000000;00000000;00000000;00000;00000;
08;47;9;057;99;Cubillas de Santa Marta                           ;00001;00000;00000;00000;00000;00000249;00000000;00000000;00000000;00000000;00000;00000;
08;47;9;058;99;Cuenca de Campos                                  ;00001;00000;00000;00000;00000;00000218;00000000;00000000;00000000;00000000;00000;00000;
08;47;9;059;99;Curiel de Duero                                   ;00001;00000;00000;00000;00000;00000098;00000000;00000000;00000000;00000000;00000;00000;
08;47;9;060;99;Encinas de Esgueva                                ;00001;00000;00000;00000;00000;00000261;00000000;00000000;00000000;00000000;00000;00000;
08;47;9;061;99;Esguevillas de Esgueva                            ;00001;00000;00000;00000;00000;00000263;00000000;00000000;00000000;00000000;00000;00000;
08;47;9;062;99;Fombellida                                        ;00001;00000;00000;00000;00000;00000175;00000000;00000000;00000000;00000000;00000;00000;
08;47;9;063;99;Fompedraza                                        ;00001;00000;00000;00000;00000;00000109;00000000;00000000;00000000;00000000;00000;00000;
08;47;9;064;99;Fontihoyuelo                                      ;00001;00000;00000;00000;00000;00000026;00000000;00000000;00000000;00000000;00000;00000;
08;47;9;065;99;Fresno el Viejo                                   ;00001;00000;00000;00000;00000;00000872;00000000;00000000;00000000;00000000;00000;00000;
08;47;9;066;99;Fuensaldaña                                       ;00001;00000;00000;00000;00000;00001164;00000000;00000000;00000000;00000000;00000;00000;
08;47;9;067;99;Fuente el Sol                                     ;00001;00000;00000;00000;00000;00000190;00000000;00000000;00000000;00000000;00000;00000;
08;47;9;068;99;Fuente-Olmedo                                     ;00001;00000;00000;00000;00000;00000039;00000000;00000000;00000000;00000000;00000;00000;
08;47;9;069;99;Gallegos de Hornija                               ;00001;00000;00000;00000;00000;00000128;00000000;00000000;00000000;00000000;00000;00000;
08;47;9;070;99;Gatón de Campos                                   ;00001;00000;00000;00000;00000;00000029;00000000;00000000;00000000;00000000;00000;00000;
08;47;9;071;99;Geria                                             ;00001;00000;00000;00000;00000;00000408;00000000;00000000;00000000;00000000;00000;00000;
08;47;9;073;99;Herrín de Campos                                  ;00001;00000;00000;00000;00000;00000128;00000000;00000000;00000000;00000000;00000;00000;
08;47;9;074;99;Hornillos de Eresma                               ;00001;00000;00000;00000;00000;00000152;00000000;00000000;00000000;00000000;00000;00000;
08;47;9;075;99;Íscar                                             ;00006;00000;00000;00000;00000;00004964;00000000;00000000;00000000;00000000;00000;00000;
08;47;9;076;99;Laguna de Duero                                   ;00022;00000;00000;00000;00000;00017271;00000000;00000000;00000000;00000000;00000;00000;
08;47;9;077;99;Langayo                                           ;00001;00000;00000;00000;00000;00000266;00000000;00000000;00000000;00000000;00000;00000;
08;47;9;078;99;Lomoviejo                                         ;00001;00000;00000;00000;00000;00000168;00000000;00000000;00000000;00000000;00000;00000;
08;47;9;079;99;Llano de Olmedo                                   ;00001;00000;00000;00000;00000;00000066;00000000;00000000;00000000;00000000;00000;00000;
08;47;9;080;99;Manzanillo                                        ;00001;00000;00000;00000;00000;00000042;00000000;00000000;00000000;00000000;00000;00000;
08;47;9;081;99;Marzales                                          ;00001;00000;00000;00000;00000;00000051;00000000;00000000;00000000;00000000;00000;00000;
08;47;9;082;99;Matapozuelos                                      ;00001;00000;00000;00000;00000;00000799;00000000;00000000;00000000;00000000;00000;00000;
08;47;9;083;99;Matilla de los Caños                              ;00001;00000;00000;00000;00000;00000078;00000000;00000000;00000000;00000000;00000;00000;
08;47;9;084;99;Mayorga                                           ;00001;00000;00000;00000;00000;00001249;00000000;00000000;00000000;00000000;00000;00000;
08;47;9;085;99;Medina del Campo                                  ;00021;00000;00000;00000;00000;00016795;00000000;00000000;00000000;00000000;00000;00000;
08;47;9;086;99;Medina de Rioseco                                 ;00005;00000;00000;00000;00000;00004000;00000000;00000000;00000000;00000000;00000;00000;
08;47;9;087;99;Megeces                                           ;00001;00000;00000;00000;00000;00000384;00000000;00000000;00000000;00000000;00000;00000;
08;47;9;088;99;Melgar de Abajo                                   ;00001;00000;00000;00000;00000;00000113;00000000;00000000;00000000;00000000;00000;00000;
08;47;9;089;99;Melgar de Arriba                                  ;00001;00000;00000;00000;00000;00000164;00000000;00000000;00000000;00000000;00000;00000;
08;47;9;090;99;Mojados                                           ;00003;00000;00000;00000;00000;00002469;00000000;00000000;00000000;00000000;00000;00000;
08;47;9;091;99;Monasterio de Vega                                ;00001;00000;00000;00000;00000;00000095;00000000;00000000;00000000;00000000;00000;00000;
08;47;9;092;99;Montealegre de Campos                             ;00001;00000;00000;00000;00000;00000118;00000000;00000000;00000000;00000000;00000;00000;
08;47;9;093;99;Montemayor de Pililla                             ;00001;00000;00000;00000;00000;00000835;00000000;00000000;00000000;00000000;00000;00000;
08;47;9;094;99;Moral de la Reina                                 ;00001;00000;00000;00000;00000;00000140;00000000;00000000;00000000;00000000;00000;00000;
08;47;9;095;99;Moraleja de las Panaderas                         ;00001;00000;00000;00000;00000;00000040;00000000;00000000;00000000;00000000;00000;00000;
08;47;9;096;99;Morales de Campos                                 ;00001;00000;00000;00000;00000;00000147;00000000;00000000;00000000;00000000;00000;00000;
08;47;9;097;99;Mota del Marqués                                  ;00001;00000;00000;00000;00000;00000341;00000000;00000000;00000000;00000000;00000;00000;
08;47;9;098;99;Mucientes                                         ;00001;00000;00000;00000;00000;00000603;00000000;00000000;00000000;00000000;00000;00000;
08;47;9;099;99;La Mudarra                                        ;00001;00000;00000;00000;00000;00000158;00000000;00000000;00000000;00000000;00000;00000;
08;47;9;100;99;Muriel                                            ;00001;00000;00000;00000;00000;00000158;00000000;00000000;00000000;00000000;00000;00000;
08;47;9;101;99;Nava del Rey                                      ;00002;00000;00000;00000;00000;00001736;00000000;00000000;00000000;00000000;00000;00000;
08;47;9;102;99;Nueva Villa de las Torres                         ;00001;00000;00000;00000;00000;00000300;00000000;00000000;00000000;00000000;00000;00000;
08;47;9;103;99;Olivares de Duero                                 ;00001;00000;00000;00000;00000;00000274;00000000;00000000;00000000;00000000;00000;00000;
08;47;9;104;99;Olmedo                                            ;00004;00000;00000;00000;00000;00002885;00000000;00000000;00000000;00000000;00000;00000;
08;47;9;105;99;Olmos de Esgueva                                  ;00001;00000;00000;00000;00000;00000194;00000000;00000000;00000000;00000000;00000;00000;
08;47;9;106;99;Olmos de Peñafiel                                 ;00001;00000;00000;00000;00000;00000055;00000000;00000000;00000000;00000000;00000;00000;
08;47;9;109;99;Palazuelo de Vedija                               ;00001;00000;00000;00000;00000;00000176;00000000;00000000;00000000;00000000;00000;00000;
08;47;9;110;99;La Parrilla                                       ;00001;00000;00000;00000;00000;00000457;00000000;00000000;00000000;00000000;00000;00000;
08;47;9;111;99;La Pedraja de Portillo                            ;00001;00000;00000;00000;00000;00001010;00000000;00000000;00000000;00000000;00000;00000;
08;47;9;112;99;Pedrajas de San Esteban                           ;00004;00000;00000;00000;00000;00002661;00000000;00000000;00000000;00000000;00000;00000;
08;47;9;113;99;Pedrosa del Rey                                   ;00001;00000;00000;00000;00000;00000172;00000000;00000000;00000000;00000000;00000;00000;
08;47;9;114;99;Peñafiel                                          ;00005;00000;00000;00000;00000;00004058;00000000;00000000;00000000;00000000;00000;00000;
08;47;9;115;99;Peñaflor de Hornija                               ;00001;00000;00000;00000;00000;00000299;00000000;00000000;00000000;00000000;00000;00000;
08;47;9;116;99;Pesquera de Duero                                 ;00001;00000;00000;00000;00000;00000418;00000000;00000000;00000000;00000000;00000;00000;
08;47;9;117;99;Piña de Esgueva                                   ;00001;00000;00000;00000;00000;00000292;00000000;00000000;00000000;00000000;00000;00000;
08;47;9;118;99;Piñel de Abajo                                    ;00001;00000;00000;00000;00000;00000173;00000000;00000000;00000000;00000000;00000;00000;
08;47;9;119;99;Piñel de Arriba                                   ;00001;00000;00000;00000;00000;00000093;00000000;00000000;00000000;00000000;00000;00000;
08;47;9;121;99;Pollos                                            ;00001;00000;00000;00000;00000;00000578;00000000;00000000;00000000;00000000;00000;00000;
08;47;9;122;99;Portillo                                          ;00003;00000;00000;00000;00000;00002052;00000000;00000000;00000000;00000000;00000;00000;
08;47;9;123;99;Pozal de Gallinas                                 ;00001;00000;00000;00000;00000;00000455;00000000;00000000;00000000;00000000;00000;00000;
08;47;9;124;99;Pozaldez                                          ;00001;00000;00000;00000;00000;00000412;00000000;00000000;00000000;00000000;00000;00000;
08;47;9;125;99;Pozuelo de la Orden                               ;00001;00000;00000;00000;00000;00000057;00000000;00000000;00000000;00000000;00000;00000;
08;47;9;126;99;Puras                                             ;00001;00000;00000;00000;00000;00000050;00000000;00000000;00000000;00000000;00000;00000;
08;47;9;127;99;Quintanilla de Arriba                             ;00001;00000;00000;00000;00000;00000134;00000000;00000000;00000000;00000000;00000;00000;
08;47;9;128;99;Quintanilla del Molar                             ;00001;00000;00000;00000;00000;00000060;00000000;00000000;00000000;00000000;00000;00000;
08;47;9;129;99;Quintanilla de Onésimo                            ;00001;00000;00000;00000;00000;00000924;00000000;00000000;00000000;00000000;00000;00000;
08;47;9;130;99;Quintanilla de Trigueros                          ;00001;00000;00000;00000;00000;00000098;00000000;00000000;00000000;00000000;00000;00000;
08;47;9;131;99;Rábano                                            ;00001;00000;00000;00000;00000;00000180;00000000;00000000;00000000;00000000;00000;00000;
08;47;9;132;99;Ramiro                                            ;00001;00000;00000;00000;00000;00000044;00000000;00000000;00000000;00000000;00000;00000;
08;47;9;133;99;Renedo de Esgueva                                 ;00004;00000;00000;00000;00000;00002611;00000000;00000000;00000000;00000000;00000;00000;
08;47;9;134;99;Roales de Campos                                  ;00001;00000;00000;00000;00000;00000173;00000000;00000000;00000000;00000000;00000;00000;
08;47;9;135;99;Robladillo                                        ;00001;00000;00000;00000;00000;00000085;00000000;00000000;00000000;00000000;00000;00000;
08;47;9;137;99;Roturas                                           ;00001;00000;00000;00000;00000;00000031;00000000;00000000;00000000;00000000;00000;00000;
08;47;9;138;99;Rubí de Bracamonte                                ;00001;00000;00000;00000;00000;00000241;00000000;00000000;00000000;00000000;00000;00000;
08;47;9;139;99;Rueda                                             ;00001;00000;00000;00000;00000;00001060;00000000;00000000;00000000;00000000;00000;00000;
08;47;9;140;99;Saelices de Mayorga                               ;00001;00000;00000;00000;00000;00000123;00000000;00000000;00000000;00000000;00000;00000;
08;47;9;141;99;Salvador de Zapardiel                             ;00001;00000;00000;00000;00000;00000140;00000000;00000000;00000000;00000000;00000;00000;
08;47;9;142;99;San Cebrián de Mazote                             ;00001;00000;00000;00000;00000;00000160;00000000;00000000;00000000;00000000;00000;00000;
08;47;9;143;99;San Llorente                                      ;00001;00000;00000;00000;00000;00000134;00000000;00000000;00000000;00000000;00000;00000;
08;47;9;144;99;San Martín de Valvení                             ;00001;00000;00000;00000;00000;00000078;00000000;00000000;00000000;00000000;00000;00000;
08;47;9;145;99;San Miguel del Arroyo                             ;00001;00000;00000;00000;00000;00000630;00000000;00000000;00000000;00000000;00000;00000;
08;47;9;146;99;San Miguel del Pino                               ;00001;00000;00000;00000;00000;00000253;00000000;00000000;00000000;00000000;00000;00000;
08;47;9;147;99;San Pablo de la Moraleja                          ;00001;00000;00000;00000;00000;00000124;00000000;00000000;00000000;00000000;00000;00000;
08;47;9;148;99;San Pedro de Latarce                              ;00001;00000;00000;00000;00000;00000456;00000000;00000000;00000000;00000000;00000;00000;
08;47;9;149;99;San Pelayo                                        ;00001;00000;00000;00000;00000;00000041;00000000;00000000;00000000;00000000;00000;00000;
08;47;9;150;99;San Román de Hornija                              ;00001;00000;00000;00000;00000;00000301;00000000;00000000;00000000;00000000;00000;00000;
08;47;9;151;99;San Salvador                                      ;00001;00000;00000;00000;00000;00000030;00000000;00000000;00000000;00000000;00000;00000;
08;47;9;152;99;Santa Eufemia del Arroyo                          ;00001;00000;00000;00000;00000;00000086;00000000;00000000;00000000;00000000;00000;00000;
08;47;9;153;99;Santervás de Campos                               ;00001;00000;00000;00000;00000;00000118;00000000;00000000;00000000;00000000;00000;00000;
08;47;9;154;99;Santibáñez de Valcorba                            ;00001;00000;00000;00000;00000;00000168;00000000;00000000;00000000;00000000;00000;00000;
08;47;9;155;99;Santovenia de Pisuerga                            ;00004;00000;00000;00000;00000;00003207;00000000;00000000;00000000;00000000;00000;00000;
08;47;9;156;99;San Vicente del Palacio                           ;00001;00000;00000;00000;00000;00000178;00000000;00000000;00000000;00000000;00000;00000;
08;47;9;157;99;Sardón de Duero                                   ;00001;00000;00000;00000;00000;00000535;00000000;00000000;00000000;00000000;00000;00000;
08;47;9;158;99;La Seca                                           ;00001;00000;00000;00000;00000;00000922;00000000;00000000;00000000;00000000;00000;00000;
08;47;9;159;99;Serrada                                           ;00001;00000;00000;00000;00000;00000850;00000000;00000000;00000000;00000000;00000;00000;
08;47;9;160;99;Siete Iglesias de Trabancos                       ;00001;00000;00000;00000;00000;00000434;00000000;00000000;00000000;00000000;00000;00000;
08;47;9;161;99;Simancas                                          ;00005;00000;00000;00000;00000;00003952;00000000;00000000;00000000;00000000;00000;00000;
08;47;9;162;99;Tamariz de Campos                                 ;00001;00000;00000;00000;00000;00000074;00000000;00000000;00000000;00000000;00000;00000;
08;47;9;163;99;Tiedra                                            ;00001;00000;00000;00000;00000;00000295;00000000;00000000;00000000;00000000;00000;00000;
08;47;9;164;99;Tordehumos                                        ;00001;00000;00000;00000;00000;00000384;00000000;00000000;00000000;00000000;00000;00000;
08;47;9;165;99;Tordesillas                                       ;00010;00000;00000;00000;00000;00007050;00000000;00000000;00000000;00000000;00000;00000;
08;47;9;166;99;Torrecilla de la Abadesa                          ;00001;00000;00000;00000;00000;00000270;00000000;00000000;00000000;00000000;00000;00000;
08;47;9;167;99;Torrecilla de la Orden                            ;00001;00000;00000;00000;00000;00000249;00000000;00000000;00000000;00000000;00000;00000;
08;47;9;168;99;Torrecilla de la Torre                            ;00001;00000;00000;00000;00000;00000031;00000000;00000000;00000000;00000000;00000;00000;
08;47;9;169;99;Torre de Esgueva                                  ;00001;00000;00000;00000;00000;00000070;00000000;00000000;00000000;00000000;00000;00000;
08;47;9;170;99;Torre de Peñafiel                                 ;00001;00000;00000;00000;00000;00000039;00000000;00000000;00000000;00000000;00000;00000;
08;47;9;171;99;Torrelobatón                                      ;00001;00000;00000;00000;00000;00000432;00000000;00000000;00000000;00000000;00000;00000;
08;47;9;172;99;Torrescárcela                                     ;00001;00000;00000;00000;00000;00000150;00000000;00000000;00000000;00000000;00000;00000;
08;47;9;173;99;Traspinedo                                        ;00001;00000;00000;00000;00000;00000892;00000000;00000000;00000000;00000000;00000;00000;
08;47;9;174;99;Trigueros del Valle                               ;00001;00000;00000;00000;00000;00000281;00000000;00000000;00000000;00000000;00000;00000;
08;47;9;175;99;Tudela de Duero                                   ;00009;00000;00000;00000;00000;00006621;00000000;00000000;00000000;00000000;00000;00000;
08;47;9;176;99;La Unión de Campos                                ;00001;00000;00000;00000;00000;00000257;00000000;00000000;00000000;00000000;00000;00000;
08;47;9;177;99;Urones de Castroponce                             ;00001;00000;00000;00000;00000;00000109;00000000;00000000;00000000;00000000;00000;00000;
08;47;9;178;99;Urueña                                            ;00001;00000;00000;00000;00000;00000173;00000000;00000000;00000000;00000000;00000;00000;
08;47;9;179;99;Valbuena de Duero                                 ;00001;00000;00000;00000;00000;00000404;00000000;00000000;00000000;00000000;00000;00000;
08;47;9;180;99;Valdearcos de la Vega                             ;00001;00000;00000;00000;00000;00000089;00000000;00000000;00000000;00000000;00000;00000;
08;47;9;181;99;Valdenebro de los Valles                          ;00001;00000;00000;00000;00000;00000170;00000000;00000000;00000000;00000000;00000;00000;
08;47;9;182;99;Valdestillas                                      ;00002;00000;00000;00000;00000;00001423;00000000;00000000;00000000;00000000;00000;00000;
08;47;9;183;99;Valdunquillo                                      ;00001;00000;00000;00000;00000;00000136;00000000;00000000;00000000;00000000;00000;00000;
08;47;9;184;99;Valoria la Buena                                  ;00001;00000;00000;00000;00000;00000555;00000000;00000000;00000000;00000000;00000;00000;
08;47;9;185;99;Valverde de Campos                                ;00001;00000;00000;00000;00000;00000096;00000000;00000000;00000000;00000000;00000;00000;
08;47;9;186;99;Valladolid                                        ;00310;00000;00000;00000;00000;00248947;00000000;00000000;00000000;00000000;00000;00000;
08;47;9;187;99;Vega de Ruiponce                                  ;00001;00000;00000;00000;00000;00000095;00000000;00000000;00000000;00000000;00000;00000;
08;47;9;188;99;Vega de Valdetronco                               ;00001;00000;00000;00000;00000;00000116;00000000;00000000;00000000;00000000;00000;00000;
08;47;9;189;99;Velascálvaro                                      ;00001;00000;00000;00000;00000;00000155;00000000;00000000;00000000;00000000;00000;00000;
08;47;9;190;99;Velilla                                           ;00001;00000;00000;00000;00000;00000098;00000000;00000000;00000000;00000000;00000;00000;
08;47;9;191;99;Velliza                                           ;00001;00000;00000;00000;00000;00000115;00000000;00000000;00000000;00000000;00000;00000;
08;47;9;192;99;Ventosa de la Cuesta                              ;00001;00000;00000;00000;00000;00000104;00000000;00000000;00000000;00000000;00000;00000;
08;47;9;193;99;Viana de Cega                                     ;00002;00000;00000;00000;00000;00001577;00000000;00000000;00000000;00000000;00000;00000;
08;47;9;194;99;Viloria                                           ;00001;00000;00000;00000;00000;00000319;00000000;00000000;00000000;00000000;00000;00000;
08;47;9;195;99;Villabáñez                                        ;00001;00000;00000;00000;00000;00000471;00000000;00000000;00000000;00000000;00000;00000;
08;47;9;196;99;Villabaruz de Campos                              ;00001;00000;00000;00000;00000;00000032;00000000;00000000;00000000;00000000;00000;00000;
08;47;9;197;99;Villabrágima                                      ;00001;00000;00000;00000;00000;00000900;00000000;00000000;00000000;00000000;00000;00000;
08;47;9;198;99;Villacarralón                                     ;00001;00000;00000;00000;00000;00000069;00000000;00000000;00000000;00000000;00000;00000;
08;47;9;199;99;Villacid de Campos                                ;00001;00000;00000;00000;00000;00000083;00000000;00000000;00000000;00000000;00000;00000;
08;47;9;200;99;Villaco                                           ;00001;00000;00000;00000;00000;00000084;00000000;00000000;00000000;00000000;00000;00000;
08;47;9;203;99;Villafrades de Campos                             ;00001;00000;00000;00000;00000;00000068;00000000;00000000;00000000;00000000;00000;00000;
08;47;9;204;99;Villafranca de Duero                              ;00001;00000;00000;00000;00000;00000263;00000000;00000000;00000000;00000000;00000;00000;
08;47;9;205;99;Villafrechós                                      ;00001;00000;00000;00000;00000;00000405;00000000;00000000;00000000;00000000;00000;00000;
08;47;9;206;99;Villafuerte                                       ;00001;00000;00000;00000;00000;00000099;00000000;00000000;00000000;00000000;00000;00000;
08;47;9;207;99;Villagarcía de Campos                             ;00001;00000;00000;00000;00000;00000310;00000000;00000000;00000000;00000000;00000;00000;
08;47;9;208;99;Villagómez la Nueva                               ;00001;00000;00000;00000;00000;00000058;00000000;00000000;00000000;00000000;00000;00000;
08;47;9;209;99;Villalán de Campos                                ;00001;00000;00000;00000;00000;00000045;00000000;00000000;00000000;00000000;00000;00000;
08;47;9;210;99;Villalar de los Comuneros                         ;00001;00000;00000;00000;00000;00000375;00000000;00000000;00000000;00000000;00000;00000;
08;47;9;211;99;Villalba de la Loma                               ;00001;00000;00000;00000;00000;00000048;00000000;00000000;00000000;00000000;00000;00000;
08;47;9;212;99;Villalba de los Alcores                           ;00001;00000;00000;00000;00000;00000377;00000000;00000000;00000000;00000000;00000;00000;
08;47;9;213;99;Villalbarba                                       ;00001;00000;00000;00000;00000;00000119;00000000;00000000;00000000;00000000;00000;00000;
08;47;9;214;99;Villalón de Campos                                ;00002;00000;00000;00000;00000;00001454;00000000;00000000;00000000;00000000;00000;00000;
08;47;9;215;99;Villamuriel de Campos                             ;00001;00000;00000;00000;00000;00000054;00000000;00000000;00000000;00000000;00000;00000;
08;47;9;216;99;Villán de Tordesillas                             ;00001;00000;00000;00000;00000;00000121;00000000;00000000;00000000;00000000;00000;00000;
08;47;9;217;99;Villanubla                                        ;00002;00000;00000;00000;00000;00001861;00000000;00000000;00000000;00000000;00000;00000;
08;47;9;218;99;Villanueva de Duero                               ;00001;00000;00000;00000;00000;00001003;00000000;00000000;00000000;00000000;00000;00000;
08;47;9;219;99;Villanueva de la Condesa                          ;00001;00000;00000;00000;00000;00000045;00000000;00000000;00000000;00000000;00000;00000;
08;47;9;220;99;Villanueva de los Caballeros                      ;00001;00000;00000;00000;00000;00000179;00000000;00000000;00000000;00000000;00000;00000;
08;47;9;221;99;Villanueva de los Infantes                        ;00001;00000;00000;00000;00000;00000112;00000000;00000000;00000000;00000000;00000;00000;
08;47;9;222;99;Villanueva de San Mancio                          ;00001;00000;00000;00000;00000;00000088;00000000;00000000;00000000;00000000;00000;00000;
08;47;9;223;99;Villardefrades                                    ;00001;00000;00000;00000;00000;00000158;00000000;00000000;00000000;00000000;00000;00000;
08;47;9;224;99;Villarmentero de Esgueva                          ;00001;00000;00000;00000;00000;00000086;00000000;00000000;00000000;00000000;00000;00000;
08;47;9;225;99;Villasexmir                                       ;00001;00000;00000;00000;00000;00000082;00000000;00000000;00000000;00000000;00000;00000;
08;47;9;226;99;Villavaquerín                                     ;00001;00000;00000;00000;00000;00000171;00000000;00000000;00000000;00000000;00000;00000;
08;47;9;227;99;Villavellid                                       ;00001;00000;00000;00000;00000;00000060;00000000;00000000;00000000;00000000;00000;00000;
08;47;9;228;99;Villaverde de Medina                              ;00001;00000;00000;00000;00000;00000445;00000000;00000000;00000000;00000000;00000;00000;
08;47;9;229;99;Villavicencio de los Caballeros                   ;00001;00000;00000;00000;00000;00000230;00000000;00000000;00000000;00000000;00000;00000;
08;47;9;230;99;Wamba                                             ;00001;00000;00000;00000;00000;00000307;00000000;00000000;00000000;00000000;00000;00000;
08;47;9;231;99;Zaratán                                           ;00005;00000;00000;00000;00000;00004359;00000000;00000000;00000000;00000000;00000;00000;
08;47;9;232;99;La Zarza                                          ;00001;00000;00000;00000;00000;00000113;00000000;00000000;00000000;00000000;00000;00000;
