08;37;9;001;99;Abusejo                                           ;00001;00000;00000;00000;00000;00000211;00000000;00000000;00000000;00000000;00000;00000;
08;37;9;002;99;Agallas                                           ;00001;00000;00000;00000;00000;00000150;00000000;00000000;00000000;00000000;00000;00000;
08;37;9;003;99;Ahigal de los Aceiteros                           ;00001;00000;00000;00000;00000;00000132;00000000;00000000;00000000;00000000;00000;00000;
08;37;9;004;99;Ahigal de Villarino                               ;00001;00000;00000;00000;00000;00000030;00000000;00000000;00000000;00000000;00000;00000;
08;37;9;005;99;La Alameda de Gardón                              ;00001;00000;00000;00000;00000;00000087;00000000;00000000;00000000;00000000;00000;00000;
08;37;9;006;99;La Alamedilla                                     ;00001;00000;00000;00000;00000;00000146;00000000;00000000;00000000;00000000;00000;00000;
08;37;9;007;99;Alaraz                                            ;00001;00000;00000;00000;00000;00000447;00000000;00000000;00000000;00000000;00000;00000;
08;37;9;008;99;Alba de Tormes                                    ;00006;00000;00000;00000;00000;00004312;00000000;00000000;00000000;00000000;00000;00000;
08;37;9;009;99;Alba de Yeltes                                    ;00001;00000;00000;00000;00000;00000217;00000000;00000000;00000000;00000000;00000;00000;
08;37;9;010;99;La Alberca                                        ;00001;00000;00000;00000;00000;00000940;00000000;00000000;00000000;00000000;00000;00000;
08;37;9;011;99;La Alberguería de Argañán                         ;00001;00000;00000;00000;00000;00000125;00000000;00000000;00000000;00000000;00000;00000;
08;37;9;012;99;Alconada                                          ;00001;00000;00000;00000;00000;00000150;00000000;00000000;00000000;00000000;00000;00000;
08;37;9;013;99;Aldeacipreste                                     ;00001;00000;00000;00000;00000;00000128;00000000;00000000;00000000;00000000;00000;00000;
08;37;9;014;99;Aldeadávila de la Ribera                          ;00001;00000;00000;00000;00000;00001162;00000000;00000000;00000000;00000000;00000;00000;
08;37;9;015;99;Aldea del Obispo                                  ;00001;00000;00000;00000;00000;00000243;00000000;00000000;00000000;00000000;00000;00000;
08;37;9;016;99;Aldealengua                                       ;00001;00000;00000;00000;00000;00000547;00000000;00000000;00000000;00000000;00000;00000;
08;37;9;017;99;Aldeanueva de Figueroa                            ;00001;00000;00000;00000;00000;00000256;00000000;00000000;00000000;00000000;00000;00000;
08;37;9;018;99;Aldeanueva de la Sierra                           ;00001;00000;00000;00000;00000;00000104;00000000;00000000;00000000;00000000;00000;00000;
08;37;9;019;99;Aldearrodrigo                                     ;00001;00000;00000;00000;00000;00000151;00000000;00000000;00000000;00000000;00000;00000;
08;37;9;020;99;Aldearrubia                                       ;00001;00000;00000;00000;00000;00000442;00000000;00000000;00000000;00000000;00000;00000;
08;37;9;021;99;Aldeaseca de Alba                                 ;00001;00000;00000;00000;00000;00000080;00000000;00000000;00000000;00000000;00000;00000;
08;37;9;022;99;Aldeaseca de la Frontera                          ;00001;00000;00000;00000;00000;00000268;00000000;00000000;00000000;00000000;00000;00000;
08;37;9;023;99;Aldeatejada                                       ;00002;00000;00000;00000;00000;00001318;00000000;00000000;00000000;00000000;00000;00000;
08;37;9;024;99;Aldeavieja de Tormes                              ;00001;00000;00000;00000;00000;00000088;00000000;00000000;00000000;00000000;00000;00000;
08;37;9;025;99;Aldehuela de la Bóveda                            ;00001;00000;00000;00000;00000;00000264;00000000;00000000;00000000;00000000;00000;00000;
08;37;9;026;99;Aldehuela de Yeltes                               ;00001;00000;00000;00000;00000;00000199;00000000;00000000;00000000;00000000;00000;00000;
08;37;9;027;99;Almenara de Tormes                                ;00001;00000;00000;00000;00000;00000237;00000000;00000000;00000000;00000000;00000;00000;
08;37;9;028;99;Almendra                                          ;00001;00000;00000;00000;00000;00000160;00000000;00000000;00000000;00000000;00000;00000;
08;37;9;029;99;Anaya de Alba                                     ;00001;00000;00000;00000;00000;00000207;00000000;00000000;00000000;00000000;00000;00000;
08;37;9;030;99;Añover de Tormes                                  ;00001;00000;00000;00000;00000;00000088;00000000;00000000;00000000;00000000;00000;00000;
08;37;9;031;99;Arabayona de Mógica                               ;00001;00000;00000;00000;00000;00000374;00000000;00000000;00000000;00000000;00000;00000;
08;37;9;032;99;Arapiles                                          ;00001;00000;00000;00000;00000;00000536;00000000;00000000;00000000;00000000;00000;00000;
08;37;9;033;99;Arcediano                                         ;00001;00000;00000;00000;00000;00000095;00000000;00000000;00000000;00000000;00000;00000;
08;37;9;034;99;El Arco                                           ;00001;00000;00000;00000;00000;00000082;00000000;00000000;00000000;00000000;00000;00000;
08;37;9;035;99;Armenteros                                        ;00001;00000;00000;00000;00000;00000196;00000000;00000000;00000000;00000000;00000;00000;
08;37;9;036;99;San Miguel del Robledo                            ;00001;00000;00000;00000;00000;00000069;00000000;00000000;00000000;00000000;00000;00000;
08;37;9;037;99;La Atalaya                                        ;00001;00000;00000;00000;00000;00000124;00000000;00000000;00000000;00000000;00000;00000;
08;37;9;038;99;Babilafuente                                      ;00001;00000;00000;00000;00000;00000804;00000000;00000000;00000000;00000000;00000;00000;
08;37;9;039;99;Bañobárez                                         ;00001;00000;00000;00000;00000;00000307;00000000;00000000;00000000;00000000;00000;00000;
08;37;9;040;99;Barbadillo                                        ;00001;00000;00000;00000;00000;00000399;00000000;00000000;00000000;00000000;00000;00000;
08;37;9;041;99;Barbalos                                          ;00001;00000;00000;00000;00000;00000074;00000000;00000000;00000000;00000000;00000;00000;
08;37;9;042;99;Barceo                                            ;00001;00000;00000;00000;00000;00000043;00000000;00000000;00000000;00000000;00000;00000;
08;37;9;044;99;Barruecopardo                                     ;00001;00000;00000;00000;00000;00000470;00000000;00000000;00000000;00000000;00000;00000;
08;37;9;045;99;La Bastida                                        ;00001;00000;00000;00000;00000;00000030;00000000;00000000;00000000;00000000;00000;00000;
08;37;9;046;99;Béjar                                             ;00014;00000;00000;00000;00000;00011598;00000000;00000000;00000000;00000000;00000;00000;
08;37;9;047;99;Beleña                                            ;00001;00000;00000;00000;00000;00000171;00000000;00000000;00000000;00000000;00000;00000;
08;37;9;049;99;Bermellar                                         ;00001;00000;00000;00000;00000;00000136;00000000;00000000;00000000;00000000;00000;00000;
08;37;9;050;99;Berrocal de Huebra                                ;00001;00000;00000;00000;00000;00000070;00000000;00000000;00000000;00000000;00000;00000;
08;37;9;051;99;Berrocal de Salvatierra                           ;00001;00000;00000;00000;00000;00000081;00000000;00000000;00000000;00000000;00000;00000;
08;37;9;052;99;Boada                                             ;00001;00000;00000;00000;00000;00000272;00000000;00000000;00000000;00000000;00000;00000;
08;37;9;054;99;El Bodón                                          ;00001;00000;00000;00000;00000;00000268;00000000;00000000;00000000;00000000;00000;00000;
08;37;9;055;99;Bogajo                                            ;00001;00000;00000;00000;00000;00000122;00000000;00000000;00000000;00000000;00000;00000;
08;37;9;056;99;La Bouza                                          ;00001;00000;00000;00000;00000;00000051;00000000;00000000;00000000;00000000;00000;00000;
08;37;9;057;99;Bóveda del Río Almar                              ;00001;00000;00000;00000;00000;00000213;00000000;00000000;00000000;00000000;00000;00000;
08;37;9;058;99;Brincones                                         ;00001;00000;00000;00000;00000;00000059;00000000;00000000;00000000;00000000;00000;00000;
08;37;9;059;99;Buenamadre                                        ;00001;00000;00000;00000;00000;00000127;00000000;00000000;00000000;00000000;00000;00000;
08;37;9;060;99;Buenavista                                        ;00001;00000;00000;00000;00000;00000235;00000000;00000000;00000000;00000000;00000;00000;
08;37;9;061;99;El Cabaco                                         ;00001;00000;00000;00000;00000;00000240;00000000;00000000;00000000;00000000;00000;00000;
08;37;9;062;99;Cabezabellosa de la Calzada                       ;00001;00000;00000;00000;00000;00000091;00000000;00000000;00000000;00000000;00000;00000;
08;37;9;063;99;La Cabeza de Béjar                                ;00001;00000;00000;00000;00000;00000084;00000000;00000000;00000000;00000000;00000;00000;
08;37;9;065;99;Cabeza del Caballo                                ;00001;00000;00000;00000;00000;00000329;00000000;00000000;00000000;00000000;00000;00000;
08;37;9;067;99;Cabrerizos                                        ;00004;00000;00000;00000;00000;00003086;00000000;00000000;00000000;00000000;00000;00000;
08;37;9;068;99;Cabrillas                                         ;00001;00000;00000;00000;00000;00000379;00000000;00000000;00000000;00000000;00000;00000;
08;37;9;069;99;Calvarrasa de Abajo                               ;00001;00000;00000;00000;00000;00000962;00000000;00000000;00000000;00000000;00000;00000;
08;37;9;070;99;Calvarrasa de Arriba                              ;00001;00000;00000;00000;00000;00000539;00000000;00000000;00000000;00000000;00000;00000;
08;37;9;071;99;La Calzada de Béjar                               ;00001;00000;00000;00000;00000;00000079;00000000;00000000;00000000;00000000;00000;00000;
08;37;9;072;99;Calzada de Don Diego                              ;00001;00000;00000;00000;00000;00000181;00000000;00000000;00000000;00000000;00000;00000;
08;37;9;073;99;Calzada de Valdunciel                             ;00001;00000;00000;00000;00000;00000596;00000000;00000000;00000000;00000000;00000;00000;
08;37;9;074;99;Campillo de Azaba                                 ;00001;00000;00000;00000;00000;00000156;00000000;00000000;00000000;00000000;00000;00000;
08;37;9;077;99;El Campo de Peñaranda                             ;00001;00000;00000;00000;00000;00000270;00000000;00000000;00000000;00000000;00000;00000;
08;37;9;078;99;Candelario                                        ;00001;00000;00000;00000;00000;00000852;00000000;00000000;00000000;00000000;00000;00000;
08;37;9;079;99;Canillas de Abajo                                 ;00001;00000;00000;00000;00000;00000071;00000000;00000000;00000000;00000000;00000;00000;
08;37;9;080;99;Cantagallo                                        ;00001;00000;00000;00000;00000;00000237;00000000;00000000;00000000;00000000;00000;00000;
08;37;9;081;99;Cantalapiedra                                     ;00001;00000;00000;00000;00000;00000938;00000000;00000000;00000000;00000000;00000;00000;
08;37;9;082;99;Cantalpino                                        ;00001;00000;00000;00000;00000;00000822;00000000;00000000;00000000;00000000;00000;00000;
08;37;9;083;99;Cantaracillo                                      ;00001;00000;00000;00000;00000;00000181;00000000;00000000;00000000;00000000;00000;00000;
08;37;9;085;99;Carbajosa de la Sagrada                           ;00006;00000;00000;00000;00000;00004638;00000000;00000000;00000000;00000000;00000;00000;
08;37;9;086;99;Carpio de Azaba                                   ;00001;00000;00000;00000;00000;00000098;00000000;00000000;00000000;00000000;00000;00000;
08;37;9;087;99;Carrascal de Barregas                             ;00001;00000;00000;00000;00000;00000840;00000000;00000000;00000000;00000000;00000;00000;
08;37;9;088;99;Carrascal del Obispo                              ;00001;00000;00000;00000;00000;00000208;00000000;00000000;00000000;00000000;00000;00000;
08;37;9;089;99;Casafranca                                        ;00001;00000;00000;00000;00000;00000068;00000000;00000000;00000000;00000000;00000;00000;
08;37;9;090;99;Las Casas del Conde                               ;00001;00000;00000;00000;00000;00000051;00000000;00000000;00000000;00000000;00000;00000;
08;37;9;091;99;Casillas de Flores                                ;00001;00000;00000;00000;00000;00000176;00000000;00000000;00000000;00000000;00000;00000;
08;37;9;092;99;Castellanos de Moriscos                           ;00002;00000;00000;00000;00000;00001640;00000000;00000000;00000000;00000000;00000;00000;
08;37;9;096;99;Castillejo de Martín Viejo                        ;00001;00000;00000;00000;00000;00000230;00000000;00000000;00000000;00000000;00000;00000;
08;37;9;097;99;Castraz                                           ;00001;00000;00000;00000;00000;00000040;00000000;00000000;00000000;00000000;00000;00000;
08;37;9;098;99;Cepeda                                            ;00001;00000;00000;00000;00000;00000340;00000000;00000000;00000000;00000000;00000;00000;
08;37;9;099;99;Cereceda de la Sierra                             ;00001;00000;00000;00000;00000;00000083;00000000;00000000;00000000;00000000;00000;00000;
08;37;9;100;99;Cerezal de Peñahorcada                            ;00001;00000;00000;00000;00000;00000081;00000000;00000000;00000000;00000000;00000;00000;
08;37;9;101;99;Cerralbo                                          ;00001;00000;00000;00000;00000;00000164;00000000;00000000;00000000;00000000;00000;00000;
08;37;9;102;99;El Cerro                                          ;00001;00000;00000;00000;00000;00000418;00000000;00000000;00000000;00000000;00000;00000;
08;37;9;103;99;Cespedosa de Tormes                               ;00001;00000;00000;00000;00000;00000456;00000000;00000000;00000000;00000000;00000;00000;
08;37;9;104;99;Cilleros de la Bastida                            ;00001;00000;00000;00000;00000;00000028;00000000;00000000;00000000;00000000;00000;00000;
08;37;9;106;99;Cipérez                                           ;00001;00000;00000;00000;00000;00000267;00000000;00000000;00000000;00000000;00000;00000;
08;37;9;107;99;Ciudad Rodrigo                                    ;00012;00000;00000;00000;00000;00011081;00000000;00000000;00000000;00000000;00000;00000;
08;37;9;108;99;Coca de Alba                                      ;00001;00000;00000;00000;00000;00000101;00000000;00000000;00000000;00000000;00000;00000;
08;37;9;109;99;Colmenar de Montemayor                            ;00001;00000;00000;00000;00000;00000185;00000000;00000000;00000000;00000000;00000;00000;
08;37;9;110;99;Cordovilla                                        ;00001;00000;00000;00000;00000;00000113;00000000;00000000;00000000;00000000;00000;00000;
08;37;9;112;99;Cristóbal                                         ;00001;00000;00000;00000;00000;00000154;00000000;00000000;00000000;00000000;00000;00000;
08;37;9;113;99;El Cubo de Don Sancho                             ;00001;00000;00000;00000;00000;00000426;00000000;00000000;00000000;00000000;00000;00000;
08;37;9;114;99;Chagarcía Medianero                               ;00001;00000;00000;00000;00000;00000098;00000000;00000000;00000000;00000000;00000;00000;
08;37;9;115;99;Dios le Guarde                                    ;00001;00000;00000;00000;00000;00000132;00000000;00000000;00000000;00000000;00000;00000;
08;37;9;116;99;Doñinos de Ledesma                                ;00001;00000;00000;00000;00000;00000070;00000000;00000000;00000000;00000000;00000;00000;
08;37;9;117;99;Doñinos de Salamanca                              ;00002;00000;00000;00000;00000;00001426;00000000;00000000;00000000;00000000;00000;00000;
08;37;9;118;99;Ejeme                                             ;00001;00000;00000;00000;00000;00000129;00000000;00000000;00000000;00000000;00000;00000;
08;37;9;119;99;La Encina                                         ;00001;00000;00000;00000;00000;00000116;00000000;00000000;00000000;00000000;00000;00000;
08;37;9;120;99;Encina de San Silvestre                           ;00001;00000;00000;00000;00000;00000109;00000000;00000000;00000000;00000000;00000;00000;
08;37;9;121;99;Encinas de Abajo                                  ;00001;00000;00000;00000;00000;00000560;00000000;00000000;00000000;00000000;00000;00000;
08;37;9;122;99;Encinas de Arriba                                 ;00001;00000;00000;00000;00000;00000204;00000000;00000000;00000000;00000000;00000;00000;
08;37;9;123;99;Encinasola de los Comendadores                    ;00001;00000;00000;00000;00000;00000192;00000000;00000000;00000000;00000000;00000;00000;
08;37;9;124;99;Endrinal                                          ;00001;00000;00000;00000;00000;00000227;00000000;00000000;00000000;00000000;00000;00000;
08;37;9;125;99;Escurial de la Sierra                             ;00001;00000;00000;00000;00000;00000234;00000000;00000000;00000000;00000000;00000;00000;
08;37;9;126;99;Espadaña                                          ;00001;00000;00000;00000;00000;00000030;00000000;00000000;00000000;00000000;00000;00000;
08;37;9;127;99;Espeja                                            ;00001;00000;00000;00000;00000;00000222;00000000;00000000;00000000;00000000;00000;00000;
08;37;9;128;99;Espino de la Orbada                               ;00001;00000;00000;00000;00000;00000259;00000000;00000000;00000000;00000000;00000;00000;
08;37;9;129;99;Florida de Liébana                                ;00001;00000;00000;00000;00000;00000257;00000000;00000000;00000000;00000000;00000;00000;
08;37;9;130;99;Forfoleda                                         ;00001;00000;00000;00000;00000;00000173;00000000;00000000;00000000;00000000;00000;00000;
08;37;9;131;99;Frades de la Sierra                               ;00001;00000;00000;00000;00000;00000197;00000000;00000000;00000000;00000000;00000;00000;
08;37;9;132;99;La Fregeneda                                      ;00001;00000;00000;00000;00000;00000357;00000000;00000000;00000000;00000000;00000;00000;
08;37;9;133;99;Fresnedoso                                        ;00001;00000;00000;00000;00000;00000112;00000000;00000000;00000000;00000000;00000;00000;
08;37;9;134;99;Fresno Alhándiga                                  ;00001;00000;00000;00000;00000;00000241;00000000;00000000;00000000;00000000;00000;00000;
08;37;9;135;99;La Fuente de San Esteban                          ;00002;00000;00000;00000;00000;00001235;00000000;00000000;00000000;00000000;00000;00000;
08;37;9;136;99;Fuenteguinaldo                                    ;00001;00000;00000;00000;00000;00000680;00000000;00000000;00000000;00000000;00000;00000;
08;37;9;137;99;Fuenteliante                                      ;00001;00000;00000;00000;00000;00000109;00000000;00000000;00000000;00000000;00000;00000;
08;37;9;138;99;Fuenterroble de Salvatierra                       ;00001;00000;00000;00000;00000;00000209;00000000;00000000;00000000;00000000;00000;00000;
08;37;9;139;99;Fuentes de Béjar                                  ;00001;00000;00000;00000;00000;00000200;00000000;00000000;00000000;00000000;00000;00000;
08;37;9;140;99;Fuentes de Oñoro                                  ;00001;00000;00000;00000;00000;00000713;00000000;00000000;00000000;00000000;00000;00000;
08;37;9;141;99;Gajates                                           ;00001;00000;00000;00000;00000;00000155;00000000;00000000;00000000;00000000;00000;00000;
08;37;9;142;99;Galindo y Perahuy                                 ;00001;00000;00000;00000;00000;00000618;00000000;00000000;00000000;00000000;00000;00000;
08;37;9;143;99;Galinduste                                        ;00001;00000;00000;00000;00000;00000403;00000000;00000000;00000000;00000000;00000;00000;
08;37;9;144;99;Galisancho                                        ;00001;00000;00000;00000;00000;00000375;00000000;00000000;00000000;00000000;00000;00000;
08;37;9;145;99;Gallegos de Argañán                               ;00001;00000;00000;00000;00000;00000270;00000000;00000000;00000000;00000000;00000;00000;
08;37;9;146;99;Gallegos de Solmirón                              ;00001;00000;00000;00000;00000;00000128;00000000;00000000;00000000;00000000;00000;00000;
08;37;9;147;99;Garcibuey                                         ;00001;00000;00000;00000;00000;00000190;00000000;00000000;00000000;00000000;00000;00000;
08;37;9;148;99;Garcihernández                                    ;00001;00000;00000;00000;00000;00000440;00000000;00000000;00000000;00000000;00000;00000;
08;37;9;149;99;Garcirrey                                         ;00001;00000;00000;00000;00000;00000073;00000000;00000000;00000000;00000000;00000;00000;
08;37;9;150;99;Gejuelo del Barro                                 ;00001;00000;00000;00000;00000;00000042;00000000;00000000;00000000;00000000;00000;00000;
08;37;9;151;99;Golpejas                                          ;00001;00000;00000;00000;00000;00000147;00000000;00000000;00000000;00000000;00000;00000;
08;37;9;152;99;Gomecello                                         ;00001;00000;00000;00000;00000;00000435;00000000;00000000;00000000;00000000;00000;00000;
08;37;9;154;99;Guadramiro                                        ;00001;00000;00000;00000;00000;00000147;00000000;00000000;00000000;00000000;00000;00000;
08;37;9;155;99;Guijo de Ávila                                    ;00001;00000;00000;00000;00000;00000078;00000000;00000000;00000000;00000000;00000;00000;
08;37;9;156;99;Guijuelo                                          ;00006;00000;00000;00000;00000;00004353;00000000;00000000;00000000;00000000;00000;00000;
08;37;9;157;99;Herguijuela de Ciudad Rodrigo                     ;00001;00000;00000;00000;00000;00000081;00000000;00000000;00000000;00000000;00000;00000;
08;37;9;158;99;Herguijuela de la Sierra                          ;00001;00000;00000;00000;00000;00000265;00000000;00000000;00000000;00000000;00000;00000;
08;37;9;159;99;Herguijuela del Campo                             ;00001;00000;00000;00000;00000;00000091;00000000;00000000;00000000;00000000;00000;00000;
08;37;9;160;99;Hinojosa de Duero                                 ;00001;00000;00000;00000;00000;00000640;00000000;00000000;00000000;00000000;00000;00000;
08;37;9;161;99;Horcajo de Montemayor                             ;00001;00000;00000;00000;00000;00000143;00000000;00000000;00000000;00000000;00000;00000;
08;37;9;162;99;Horcajo Medianero                                 ;00001;00000;00000;00000;00000;00000217;00000000;00000000;00000000;00000000;00000;00000;
08;37;9;163;99;La Hoya                                           ;00001;00000;00000;00000;00000;00000043;00000000;00000000;00000000;00000000;00000;00000;
08;37;9;164;99;Huerta                                            ;00001;00000;00000;00000;00000;00000263;00000000;00000000;00000000;00000000;00000;00000;
08;37;9;165;99;Iruelos                                           ;00001;00000;00000;00000;00000;00000032;00000000;00000000;00000000;00000000;00000;00000;
08;37;9;166;99;Ituero de Azaba                                   ;00001;00000;00000;00000;00000;00000203;00000000;00000000;00000000;00000000;00000;00000;
08;37;9;167;99;Juzbado                                           ;00001;00000;00000;00000;00000;00000161;00000000;00000000;00000000;00000000;00000;00000;
08;37;9;168;99;Lagunilla                                         ;00001;00000;00000;00000;00000;00000465;00000000;00000000;00000000;00000000;00000;00000;
08;37;9;169;99;Larrodrigo                                        ;00001;00000;00000;00000;00000;00000187;00000000;00000000;00000000;00000000;00000;00000;
08;37;9;170;99;Ledesma                                           ;00002;00000;00000;00000;00000;00001486;00000000;00000000;00000000;00000000;00000;00000;
08;37;9;171;99;Ledrada                                           ;00001;00000;00000;00000;00000;00000423;00000000;00000000;00000000;00000000;00000;00000;
08;37;9;172;99;Linares de Riofrío                                ;00001;00000;00000;00000;00000;00000872;00000000;00000000;00000000;00000000;00000;00000;
08;37;9;173;99;Lumbrales                                         ;00002;00000;00000;00000;00000;00001584;00000000;00000000;00000000;00000000;00000;00000;
08;37;9;174;99;Macotera                                          ;00001;00000;00000;00000;00000;00001086;00000000;00000000;00000000;00000000;00000;00000;
08;37;9;175;99;Machacón                                          ;00001;00000;00000;00000;00000;00000405;00000000;00000000;00000000;00000000;00000;00000;
08;37;9;176;99;Madroñal                                          ;00001;00000;00000;00000;00000;00000135;00000000;00000000;00000000;00000000;00000;00000;
08;37;9;177;99;El Maíllo                                         ;00001;00000;00000;00000;00000;00000301;00000000;00000000;00000000;00000000;00000;00000;
08;37;9;178;99;Malpartida                                        ;00001;00000;00000;00000;00000;00000102;00000000;00000000;00000000;00000000;00000;00000;
08;37;9;179;99;Mancera de Abajo                                  ;00001;00000;00000;00000;00000;00000215;00000000;00000000;00000000;00000000;00000;00000;
08;37;9;180;99;El Manzano                                        ;00001;00000;00000;00000;00000;00000074;00000000;00000000;00000000;00000000;00000;00000;
08;37;9;181;99;Martiago                                          ;00001;00000;00000;00000;00000;00000262;00000000;00000000;00000000;00000000;00000;00000;
08;37;9;182;99;Martinamor                                        ;00001;00000;00000;00000;00000;00000095;00000000;00000000;00000000;00000000;00000;00000;
08;37;9;183;99;Martín de Yeltes                                  ;00001;00000;00000;00000;00000;00000423;00000000;00000000;00000000;00000000;00000;00000;
08;37;9;184;99;Masueco                                           ;00001;00000;00000;00000;00000;00000340;00000000;00000000;00000000;00000000;00000;00000;
08;37;9;185;99;Castellanos de Villiquera                         ;00001;00000;00000;00000;00000;00000613;00000000;00000000;00000000;00000000;00000;00000;
08;37;9;186;99;La Mata de Ledesma                                ;00001;00000;00000;00000;00000;00000106;00000000;00000000;00000000;00000000;00000;00000;
08;37;9;187;99;Matilla de los Caños del Río                      ;00001;00000;00000;00000;00000;00000557;00000000;00000000;00000000;00000000;00000;00000;
08;37;9;188;99;La Maya                                           ;00001;00000;00000;00000;00000;00000200;00000000;00000000;00000000;00000000;00000;00000;
08;37;9;189;99;Membribe de la Sierra                             ;00001;00000;00000;00000;00000;00000131;00000000;00000000;00000000;00000000;00000;00000;
08;37;9;190;99;Mieza                                             ;00001;00000;00000;00000;00000;00000223;00000000;00000000;00000000;00000000;00000;00000;
08;37;9;191;99;El Milano                                         ;00001;00000;00000;00000;00000;00000113;00000000;00000000;00000000;00000000;00000;00000;
08;37;9;192;99;Miranda de Azán                                   ;00001;00000;00000;00000;00000;00000363;00000000;00000000;00000000;00000000;00000;00000;
08;37;9;193;99;Miranda del Castañar                              ;00001;00000;00000;00000;00000;00000421;00000000;00000000;00000000;00000000;00000;00000;
08;37;9;194;99;Mogarraz                                          ;00001;00000;00000;00000;00000;00000265;00000000;00000000;00000000;00000000;00000;00000;
08;37;9;195;99;Molinillo                                         ;00001;00000;00000;00000;00000;00000057;00000000;00000000;00000000;00000000;00000;00000;
08;37;9;196;99;Monforte de la Sierra                             ;00001;00000;00000;00000;00000;00000084;00000000;00000000;00000000;00000000;00000;00000;
08;37;9;197;99;Monleón                                           ;00001;00000;00000;00000;00000;00000087;00000000;00000000;00000000;00000000;00000;00000;
08;37;9;198;99;Monleras                                          ;00001;00000;00000;00000;00000;00000213;00000000;00000000;00000000;00000000;00000;00000;
08;37;9;199;99;Monsagro                                          ;00001;00000;00000;00000;00000;00000146;00000000;00000000;00000000;00000000;00000;00000;
08;37;9;200;99;Montejo                                           ;00001;00000;00000;00000;00000;00000184;00000000;00000000;00000000;00000000;00000;00000;
08;37;9;201;99;Montemayor del Río                                ;00001;00000;00000;00000;00000;00000263;00000000;00000000;00000000;00000000;00000;00000;
08;37;9;202;99;Monterrubio de Armuña                             ;00001;00000;00000;00000;00000;00000959;00000000;00000000;00000000;00000000;00000;00000;
08;37;9;203;99;Monterrubio de la Sierra                          ;00001;00000;00000;00000;00000;00000167;00000000;00000000;00000000;00000000;00000;00000;
08;37;9;204;99;Morasverdes                                       ;00001;00000;00000;00000;00000;00000283;00000000;00000000;00000000;00000000;00000;00000;
08;37;9;205;99;Morille                                           ;00001;00000;00000;00000;00000;00000232;00000000;00000000;00000000;00000000;00000;00000;
08;37;9;206;99;Moríñigo                                          ;00001;00000;00000;00000;00000;00000100;00000000;00000000;00000000;00000000;00000;00000;
08;37;9;207;99;Moriscos                                          ;00001;00000;00000;00000;00000;00000269;00000000;00000000;00000000;00000000;00000;00000;
08;37;9;208;99;Moronta                                           ;00001;00000;00000;00000;00000;00000083;00000000;00000000;00000000;00000000;00000;00000;
08;37;9;209;99;Mozárbez                                          ;00001;00000;00000;00000;00000;00000397;00000000;00000000;00000000;00000000;00000;00000;
08;37;9;211;99;Narros de Matalayegua                             ;00001;00000;00000;00000;00000;00000225;00000000;00000000;00000000;00000000;00000;00000;
08;37;9;212;99;Navacarros                                        ;00001;00000;00000;00000;00000;00000121;00000000;00000000;00000000;00000000;00000;00000;
08;37;9;213;99;Nava de Béjar                                     ;00001;00000;00000;00000;00000;00000092;00000000;00000000;00000000;00000000;00000;00000;
08;37;9;214;99;Nava de Francia                                   ;00001;00000;00000;00000;00000;00000134;00000000;00000000;00000000;00000000;00000;00000;
08;37;9;215;99;Nava de Sotrobal                                  ;00001;00000;00000;00000;00000;00000142;00000000;00000000;00000000;00000000;00000;00000;
08;37;9;216;99;Navales                                           ;00001;00000;00000;00000;00000;00000308;00000000;00000000;00000000;00000000;00000;00000;
08;37;9;217;99;Navalmoral de Béjar                               ;00001;00000;00000;00000;00000;00000056;00000000;00000000;00000000;00000000;00000;00000;
08;37;9;218;99;Navamorales                                       ;00001;00000;00000;00000;00000;00000074;00000000;00000000;00000000;00000000;00000;00000;
08;37;9;219;99;Navarredonda de la Rinconada                      ;00001;00000;00000;00000;00000;00000187;00000000;00000000;00000000;00000000;00000;00000;
08;37;9;221;99;Navasfrías                                        ;00001;00000;00000;00000;00000;00000443;00000000;00000000;00000000;00000000;00000;00000;
08;37;9;222;99;Negrilla de Palencia                              ;00001;00000;00000;00000;00000;00000109;00000000;00000000;00000000;00000000;00000;00000;
08;37;9;223;99;Olmedo de Camaces                                 ;00001;00000;00000;00000;00000;00000118;00000000;00000000;00000000;00000000;00000;00000;
08;37;9;224;99;La Orbada                                         ;00001;00000;00000;00000;00000;00000211;00000000;00000000;00000000;00000000;00000;00000;
08;37;9;225;99;Pajares de la Laguna                              ;00001;00000;00000;00000;00000;00000106;00000000;00000000;00000000;00000000;00000;00000;
08;37;9;226;99;Palacios del Arzobispo                            ;00001;00000;00000;00000;00000;00000160;00000000;00000000;00000000;00000000;00000;00000;
08;37;9;228;99;Palaciosrubios                                    ;00001;00000;00000;00000;00000;00000376;00000000;00000000;00000000;00000000;00000;00000;
08;37;9;229;99;Palencia de Negrilla                              ;00001;00000;00000;00000;00000;00000143;00000000;00000000;00000000;00000000;00000;00000;
08;37;9;230;99;Parada de Arriba                                  ;00001;00000;00000;00000;00000;00000224;00000000;00000000;00000000;00000000;00000;00000;
08;37;9;231;99;Parada de Rubiales                                ;00001;00000;00000;00000;00000;00000267;00000000;00000000;00000000;00000000;00000;00000;
08;37;9;232;99;Paradinas de San Juan                             ;00001;00000;00000;00000;00000;00000391;00000000;00000000;00000000;00000000;00000;00000;
08;37;9;233;99;Pastores                                          ;00001;00000;00000;00000;00000;00000061;00000000;00000000;00000000;00000000;00000;00000;
08;37;9;234;99;El Payo                                           ;00001;00000;00000;00000;00000;00000348;00000000;00000000;00000000;00000000;00000;00000;
08;37;9;235;99;Pedraza de Alba                                   ;00001;00000;00000;00000;00000;00000225;00000000;00000000;00000000;00000000;00000;00000;
08;37;9;236;99;Pedrosillo de Alba                                ;00001;00000;00000;00000;00000;00000147;00000000;00000000;00000000;00000000;00000;00000;
08;37;9;237;99;Pedrosillo de los Aires                           ;00001;00000;00000;00000;00000;00000335;00000000;00000000;00000000;00000000;00000;00000;
08;37;9;238;99;Pedrosillo el Ralo                                ;00001;00000;00000;00000;00000;00000117;00000000;00000000;00000000;00000000;00000;00000;
08;37;9;239;99;El Pedroso de la Armuña                           ;00001;00000;00000;00000;00000;00000231;00000000;00000000;00000000;00000000;00000;00000;
08;37;9;240;99;Pelabravo                                         ;00001;00000;00000;00000;00000;00000874;00000000;00000000;00000000;00000000;00000;00000;
08;37;9;241;99;Pelarrodríguez                                    ;00001;00000;00000;00000;00000;00000176;00000000;00000000;00000000;00000000;00000;00000;
08;37;9;242;99;Pelayos                                           ;00001;00000;00000;00000;00000;00000092;00000000;00000000;00000000;00000000;00000;00000;
08;37;9;243;99;La Peña                                           ;00001;00000;00000;00000;00000;00000108;00000000;00000000;00000000;00000000;00000;00000;
08;37;9;244;99;Peñacaballera                                     ;00001;00000;00000;00000;00000;00000132;00000000;00000000;00000000;00000000;00000;00000;
08;37;9;245;99;Peñaparda                                         ;00001;00000;00000;00000;00000;00000351;00000000;00000000;00000000;00000000;00000;00000;
08;37;9;246;99;Peñaranda de Bracamonte                           ;00007;00000;00000;00000;00000;00005409;00000000;00000000;00000000;00000000;00000;00000;
08;37;9;247;99;Peñarandilla                                      ;00001;00000;00000;00000;00000;00000208;00000000;00000000;00000000;00000000;00000;00000;
08;37;9;248;99;Peralejos de Abajo                                ;00001;00000;00000;00000;00000;00000150;00000000;00000000;00000000;00000000;00000;00000;
08;37;9;249;99;Peralejos de Arriba                               ;00001;00000;00000;00000;00000;00000046;00000000;00000000;00000000;00000000;00000;00000;
08;37;9;250;99;Pereña de la Ribera                               ;00001;00000;00000;00000;00000;00000369;00000000;00000000;00000000;00000000;00000;00000;
08;37;9;251;99;Peromingo                                         ;00001;00000;00000;00000;00000;00000131;00000000;00000000;00000000;00000000;00000;00000;
08;37;9;252;99;Pinedas                                           ;00001;00000;00000;00000;00000;00000111;00000000;00000000;00000000;00000000;00000;00000;
08;37;9;253;99;El Pino de Tormes                                 ;00001;00000;00000;00000;00000;00000133;00000000;00000000;00000000;00000000;00000;00000;
08;37;9;254;99;Pitiegua                                          ;00001;00000;00000;00000;00000;00000190;00000000;00000000;00000000;00000000;00000;00000;
08;37;9;255;99;Pizarral                                          ;00001;00000;00000;00000;00000;00000053;00000000;00000000;00000000;00000000;00000;00000;
08;37;9;256;99;Poveda de las Cintas                              ;00001;00000;00000;00000;00000;00000229;00000000;00000000;00000000;00000000;00000;00000;
08;37;9;257;99;Pozos de Hinojo                                   ;00001;00000;00000;00000;00000;00000051;00000000;00000000;00000000;00000000;00000;00000;
08;37;9;258;99;Puebla de Azaba                                   ;00001;00000;00000;00000;00000;00000194;00000000;00000000;00000000;00000000;00000;00000;
08;37;9;259;99;Puebla de San Medel                               ;00001;00000;00000;00000;00000;00000043;00000000;00000000;00000000;00000000;00000;00000;
08;37;9;260;99;Puebla de Yeltes                                  ;00001;00000;00000;00000;00000;00000157;00000000;00000000;00000000;00000000;00000;00000;
08;37;9;261;99;Puente del Congosto                               ;00001;00000;00000;00000;00000;00000236;00000000;00000000;00000000;00000000;00000;00000;
08;37;9;262;99;Puertas                                           ;00001;00000;00000;00000;00000;00000080;00000000;00000000;00000000;00000000;00000;00000;
08;37;9;263;99;Puerto de Béjar                                   ;00001;00000;00000;00000;00000;00000354;00000000;00000000;00000000;00000000;00000;00000;
08;37;9;264;99;Puerto Seguro                                     ;00001;00000;00000;00000;00000;00000071;00000000;00000000;00000000;00000000;00000;00000;
08;37;9;265;99;Rágama                                            ;00001;00000;00000;00000;00000;00000218;00000000;00000000;00000000;00000000;00000;00000;
08;37;9;266;99;La Redonda                                        ;00001;00000;00000;00000;00000;00000090;00000000;00000000;00000000;00000000;00000;00000;
08;37;9;267;99;Retortillo                                        ;00001;00000;00000;00000;00000;00000217;00000000;00000000;00000000;00000000;00000;00000;
08;37;9;268;99;La Rinconada de la Sierra                         ;00001;00000;00000;00000;00000;00000115;00000000;00000000;00000000;00000000;00000;00000;
08;37;9;269;99;Robleda                                           ;00001;00000;00000;00000;00000;00000472;00000000;00000000;00000000;00000000;00000;00000;
08;37;9;270;99;Robliza de Cojos                                  ;00001;00000;00000;00000;00000;00000198;00000000;00000000;00000000;00000000;00000;00000;
08;37;9;271;99;Rollán                                            ;00001;00000;00000;00000;00000;00000369;00000000;00000000;00000000;00000000;00000;00000;
08;37;9;272;99;Saelices el Chico                                 ;00001;00000;00000;00000;00000;00000155;00000000;00000000;00000000;00000000;00000;00000;
08;37;9;273;99;La Sagrada                                        ;00001;00000;00000;00000;00000;00000115;00000000;00000000;00000000;00000000;00000;00000;
08;37;9;274;99;Salamanca                                         ;00148;00000;00000;00000;00000;00121012;00000000;00000000;00000000;00000000;00000;00000;
08;37;9;275;99;Saldeana                                          ;00001;00000;00000;00000;00000;00000122;00000000;00000000;00000000;00000000;00000;00000;
08;37;9;276;99;Salmoral                                          ;00001;00000;00000;00000;00000;00000156;00000000;00000000;00000000;00000000;00000;00000;
08;37;9;277;99;Salvatierra de Tormes                             ;00001;00000;00000;00000;00000;00000059;00000000;00000000;00000000;00000000;00000;00000;
08;37;9;278;99;San Cristóbal de la Cuesta                        ;00001;00000;00000;00000;00000;00000740;00000000;00000000;00000000;00000000;00000;00000;
08;37;9;279;99;Sancti-Spíritus                                   ;00001;00000;00000;00000;00000;00000776;00000000;00000000;00000000;00000000;00000;00000;
08;37;9;280;99;Sanchón de la Ribera                              ;00001;00000;00000;00000;00000;00000072;00000000;00000000;00000000;00000000;00000;00000;
08;37;9;281;99;Sanchón de la Sagrada                             ;00001;00000;00000;00000;00000;00000037;00000000;00000000;00000000;00000000;00000;00000;
08;37;9;282;99;Sanchotello                                       ;00001;00000;00000;00000;00000;00000224;00000000;00000000;00000000;00000000;00000;00000;
08;37;9;283;99;Sando                                             ;00001;00000;00000;00000;00000;00000126;00000000;00000000;00000000;00000000;00000;00000;
08;37;9;284;99;San Esteban de la Sierra                          ;00001;00000;00000;00000;00000;00000330;00000000;00000000;00000000;00000000;00000;00000;
08;37;9;285;99;San Felices de los Gallegos                       ;00001;00000;00000;00000;00000;00000434;00000000;00000000;00000000;00000000;00000;00000;
08;37;9;286;99;San Martín del Castañar                           ;00001;00000;00000;00000;00000;00000225;00000000;00000000;00000000;00000000;00000;00000;
08;37;9;287;99;San Miguel de Valero                              ;00001;00000;00000;00000;00000;00000332;00000000;00000000;00000000;00000000;00000;00000;
08;37;9;288;99;San Morales                                       ;00001;00000;00000;00000;00000;00000255;00000000;00000000;00000000;00000000;00000;00000;
08;37;9;289;99;San Muñoz                                         ;00001;00000;00000;00000;00000;00000254;00000000;00000000;00000000;00000000;00000;00000;
08;37;9;290;99;San Pedro del Valle                               ;00001;00000;00000;00000;00000;00000144;00000000;00000000;00000000;00000000;00000;00000;
08;37;9;291;99;San Pedro de Rozados                              ;00001;00000;00000;00000;00000;00000258;00000000;00000000;00000000;00000000;00000;00000;
08;37;9;292;99;San Pelayo de Guareña                             ;00001;00000;00000;00000;00000;00000096;00000000;00000000;00000000;00000000;00000;00000;
08;37;9;293;99;Santa María de Sando                              ;00001;00000;00000;00000;00000;00000121;00000000;00000000;00000000;00000000;00000;00000;
08;37;9;294;99;Santa Marta de Tormes                             ;00014;00000;00000;00000;00000;00011602;00000000;00000000;00000000;00000000;00000;00000;
08;37;9;296;99;Santiago de la Puebla                             ;00001;00000;00000;00000;00000;00000362;00000000;00000000;00000000;00000000;00000;00000;
08;37;9;297;99;Santibáñez de Béjar                               ;00001;00000;00000;00000;00000;00000417;00000000;00000000;00000000;00000000;00000;00000;
08;37;9;298;99;Santibáñez de la Sierra                           ;00001;00000;00000;00000;00000;00000191;00000000;00000000;00000000;00000000;00000;00000;
08;37;9;299;99;Santiz                                            ;00001;00000;00000;00000;00000;00000225;00000000;00000000;00000000;00000000;00000;00000;
08;37;9;300;99;Los Santos                                        ;00001;00000;00000;00000;00000;00000568;00000000;00000000;00000000;00000000;00000;00000;
08;37;9;301;99;Sardón de los Frailes                             ;00001;00000;00000;00000;00000;00000076;00000000;00000000;00000000;00000000;00000;00000;
08;37;9;302;99;Saucelle                                          ;00001;00000;00000;00000;00000;00000306;00000000;00000000;00000000;00000000;00000;00000;
08;37;9;303;99;El Sahugo                                         ;00001;00000;00000;00000;00000;00000190;00000000;00000000;00000000;00000000;00000;00000;
08;37;9;304;99;Sepulcro-Hilario                                  ;00001;00000;00000;00000;00000;00000175;00000000;00000000;00000000;00000000;00000;00000;
08;37;9;305;99;Sequeros                                          ;00001;00000;00000;00000;00000;00000209;00000000;00000000;00000000;00000000;00000;00000;
08;37;9;306;99;Serradilla del Arroyo                             ;00001;00000;00000;00000;00000;00000280;00000000;00000000;00000000;00000000;00000;00000;
08;37;9;307;99;Serradilla del Llano                              ;00001;00000;00000;00000;00000;00000162;00000000;00000000;00000000;00000000;00000;00000;
08;37;9;309;99;La Sierpe                                         ;00001;00000;00000;00000;00000;00000045;00000000;00000000;00000000;00000000;00000;00000;
08;37;9;310;99;Sieteiglesias de Tormes                           ;00001;00000;00000;00000;00000;00000178;00000000;00000000;00000000;00000000;00000;00000;
08;37;9;311;99;Sobradillo                                        ;00001;00000;00000;00000;00000;00000241;00000000;00000000;00000000;00000000;00000;00000;
08;37;9;312;99;Sorihuela                                         ;00001;00000;00000;00000;00000;00000260;00000000;00000000;00000000;00000000;00000;00000;
08;37;9;313;99;Sotoserrano                                       ;00001;00000;00000;00000;00000;00000564;00000000;00000000;00000000;00000000;00000;00000;
08;37;9;314;99;Tabera de Abajo                                   ;00001;00000;00000;00000;00000;00000082;00000000;00000000;00000000;00000000;00000;00000;
08;37;9;315;99;La Tala                                           ;00001;00000;00000;00000;00000;00000098;00000000;00000000;00000000;00000000;00000;00000;
08;37;9;316;99;Tamames                                           ;00001;00000;00000;00000;00000;00000763;00000000;00000000;00000000;00000000;00000;00000;
08;37;9;317;99;Tarazona de Guareña                               ;00001;00000;00000;00000;00000;00000318;00000000;00000000;00000000;00000000;00000;00000;
08;37;9;318;99;Tardáguila                                        ;00001;00000;00000;00000;00000;00000219;00000000;00000000;00000000;00000000;00000;00000;
08;37;9;319;99;El Tejado                                         ;00001;00000;00000;00000;00000;00000126;00000000;00000000;00000000;00000000;00000;00000;
08;37;9;320;99;Tejeda y Segoyuela                                ;00001;00000;00000;00000;00000;00000097;00000000;00000000;00000000;00000000;00000;00000;
08;37;9;321;99;Tenebrón                                          ;00001;00000;00000;00000;00000;00000166;00000000;00000000;00000000;00000000;00000;00000;
08;37;9;322;99;Terradillos                                       ;00003;00000;00000;00000;00000;00002488;00000000;00000000;00000000;00000000;00000;00000;
08;37;9;323;99;Topas                                             ;00001;00000;00000;00000;00000;00000512;00000000;00000000;00000000;00000000;00000;00000;
08;37;9;324;99;Tordillos                                         ;00001;00000;00000;00000;00000;00000391;00000000;00000000;00000000;00000000;00000;00000;
08;37;9;325;99;El Tornadizo                                      ;00001;00000;00000;00000;00000;00000096;00000000;00000000;00000000;00000000;00000;00000;
08;37;9;327;99;Torresmenudas                                     ;00001;00000;00000;00000;00000;00000182;00000000;00000000;00000000;00000000;00000;00000;
08;37;9;328;99;Trabanca                                          ;00001;00000;00000;00000;00000;00000197;00000000;00000000;00000000;00000000;00000;00000;
08;37;9;329;99;Tremedal de Tormes                                ;00001;00000;00000;00000;00000;00000039;00000000;00000000;00000000;00000000;00000;00000;
08;37;9;330;99;Valdecarros                                       ;00001;00000;00000;00000;00000;00000329;00000000;00000000;00000000;00000000;00000;00000;
08;37;9;331;99;Valdefuentes de Sangusín                          ;00001;00000;00000;00000;00000;00000212;00000000;00000000;00000000;00000000;00000;00000;
08;37;9;332;99;Valdehijaderos                                    ;00001;00000;00000;00000;00000;00000071;00000000;00000000;00000000;00000000;00000;00000;
08;37;9;333;99;Valdelacasa                                       ;00001;00000;00000;00000;00000;00000232;00000000;00000000;00000000;00000000;00000;00000;
08;37;9;334;99;Valdelageve                                       ;00001;00000;00000;00000;00000;00000085;00000000;00000000;00000000;00000000;00000;00000;
08;37;9;335;99;Valdelosa                                         ;00001;00000;00000;00000;00000;00000413;00000000;00000000;00000000;00000000;00000;00000;
08;37;9;336;99;Valdemierque                                      ;00001;00000;00000;00000;00000;00000051;00000000;00000000;00000000;00000000;00000;00000;
08;37;9;337;99;Valderrodrigo                                     ;00001;00000;00000;00000;00000;00000137;00000000;00000000;00000000;00000000;00000;00000;
08;37;9;338;99;Valdunciel                                        ;00001;00000;00000;00000;00000;00000073;00000000;00000000;00000000;00000000;00000;00000;
08;37;9;339;99;Valero                                            ;00001;00000;00000;00000;00000;00000320;00000000;00000000;00000000;00000000;00000;00000;
08;37;9;340;99;Valsalabroso                                      ;00001;00000;00000;00000;00000;00000152;00000000;00000000;00000000;00000000;00000;00000;
08;37;9;341;99;Valverde de Valdelacasa                           ;00001;00000;00000;00000;00000;00000047;00000000;00000000;00000000;00000000;00000;00000;
08;37;9;342;99;Valverdón                                         ;00001;00000;00000;00000;00000;00000251;00000000;00000000;00000000;00000000;00000;00000;
08;37;9;343;99;Vallejera de Riofrío                              ;00001;00000;00000;00000;00000;00000064;00000000;00000000;00000000;00000000;00000;00000;
08;37;9;344;99;Vecinos                                           ;00001;00000;00000;00000;00000;00000254;00000000;00000000;00000000;00000000;00000;00000;
08;37;9;345;99;Vega de Tirados                                   ;00001;00000;00000;00000;00000;00000171;00000000;00000000;00000000;00000000;00000;00000;
08;37;9;346;99;Las Veguillas                                     ;00001;00000;00000;00000;00000;00000267;00000000;00000000;00000000;00000000;00000;00000;
08;37;9;347;99;La Vellés                                         ;00001;00000;00000;00000;00000;00000488;00000000;00000000;00000000;00000000;00000;00000;
08;37;9;348;99;Ventosa del Río Almar                             ;00001;00000;00000;00000;00000;00000117;00000000;00000000;00000000;00000000;00000;00000;
08;37;9;349;99;La Vídola                                         ;00001;00000;00000;00000;00000;00000122;00000000;00000000;00000000;00000000;00000;00000;
08;37;9;350;99;Vilvestre                                         ;00001;00000;00000;00000;00000;00000429;00000000;00000000;00000000;00000000;00000;00000;
08;37;9;351;99;Villaflores                                       ;00001;00000;00000;00000;00000;00000279;00000000;00000000;00000000;00000000;00000;00000;
08;37;9;352;99;Villagonzalo de Tormes                            ;00001;00000;00000;00000;00000;00000207;00000000;00000000;00000000;00000000;00000;00000;
08;37;9;353;99;Villalba de los Llanos                            ;00001;00000;00000;00000;00000;00000134;00000000;00000000;00000000;00000000;00000;00000;
08;37;9;354;99;Villamayor                                        ;00007;00000;00000;00000;00000;00005139;00000000;00000000;00000000;00000000;00000;00000;
08;37;9;355;99;Villanueva del Conde                              ;00001;00000;00000;00000;00000;00000176;00000000;00000000;00000000;00000000;00000;00000;
08;37;9;356;99;Villar de Argañán                                 ;00001;00000;00000;00000;00000;00000091;00000000;00000000;00000000;00000000;00000;00000;
08;37;9;357;99;Villar de Ciervo                                  ;00001;00000;00000;00000;00000;00000277;00000000;00000000;00000000;00000000;00000;00000;
08;37;9;358;99;Villar de Gallimazo                               ;00001;00000;00000;00000;00000;00000165;00000000;00000000;00000000;00000000;00000;00000;
08;37;9;359;99;Villar de la Yegua                                ;00001;00000;00000;00000;00000;00000187;00000000;00000000;00000000;00000000;00000;00000;
08;37;9;360;99;Villar de Peralonso                               ;00001;00000;00000;00000;00000;00000234;00000000;00000000;00000000;00000000;00000;00000;
08;37;9;361;99;Villar de Samaniego                               ;00001;00000;00000;00000;00000;00000086;00000000;00000000;00000000;00000000;00000;00000;
08;37;9;362;99;Villares de la Reina                              ;00005;00000;00000;00000;00000;00004574;00000000;00000000;00000000;00000000;00000;00000;
08;37;9;363;99;Villares de Yeltes                                ;00001;00000;00000;00000;00000;00000121;00000000;00000000;00000000;00000000;00000;00000;
08;37;9;364;99;Villarino de los Aires                            ;00001;00000;00000;00000;00000;00000829;00000000;00000000;00000000;00000000;00000;00000;
08;37;9;365;99;Villarmayor                                       ;00001;00000;00000;00000;00000;00000182;00000000;00000000;00000000;00000000;00000;00000;
08;37;9;366;99;Villarmuerto                                      ;00001;00000;00000;00000;00000;00000044;00000000;00000000;00000000;00000000;00000;00000;
08;37;9;367;99;Villasbuenas                                      ;00001;00000;00000;00000;00000;00000205;00000000;00000000;00000000;00000000;00000;00000;
08;37;9;368;99;Villasdardo                                       ;00001;00000;00000;00000;00000;00000017;00000000;00000000;00000000;00000000;00000;00000;
08;37;9;369;99;Villaseco de los Gamitos                          ;00001;00000;00000;00000;00000;00000139;00000000;00000000;00000000;00000000;00000;00000;
08;37;9;370;99;Villaseco de los Reyes                            ;00001;00000;00000;00000;00000;00000351;00000000;00000000;00000000;00000000;00000;00000;
08;37;9;371;99;Villasrubias                                      ;00001;00000;00000;00000;00000;00000289;00000000;00000000;00000000;00000000;00000;00000;
08;37;9;372;99;Villaverde de Guareña                             ;00001;00000;00000;00000;00000;00000139;00000000;00000000;00000000;00000000;00000;00000;
08;37;9;373;99;Villavieja de Yeltes                              ;00001;00000;00000;00000;00000;00000775;00000000;00000000;00000000;00000000;00000;00000;
08;37;9;374;99;Villoria                                          ;00002;00000;00000;00000;00000;00001208;00000000;00000000;00000000;00000000;00000;00000;
08;37;9;375;99;Villoruela                                        ;00001;00000;00000;00000;00000;00000732;00000000;00000000;00000000;00000000;00000;00000;
08;37;9;376;99;Vitigudino                                        ;00003;00000;00000;00000;00000;00002317;00000000;00000000;00000000;00000000;00000;00000;
08;37;9;377;99;Yecla de Yeltes                                   ;00001;00000;00000;00000;00000;00000257;00000000;00000000;00000000;00000000;00000;00000;
08;37;9;378;99;Zamarra                                           ;00001;00000;00000;00000;00000;00000116;00000000;00000000;00000000;00000000;00000;00000;
08;37;9;379;99;Zamayón                                           ;00001;00000;00000;00000;00000;00000172;00000000;00000000;00000000;00000000;00000;00000;
08;37;9;380;99;Zarapicos                                         ;00001;00000;00000;00000;00000;00000052;00000000;00000000;00000000;00000000;00000;00000;
08;37;9;381;99;La Zarza de Pumareda                              ;00001;00000;00000;00000;00000;00000136;00000000;00000000;00000000;00000000;00000;00000;
08;37;9;382;99;Zorita de la Frontera                             ;00001;00000;00000;00000;00000;00000192;00000000;00000000;00000000;00000000;00000;00000;
