07;16;9;001;99;Abia de la Obispalía                              ;00001;00000;00000;00000;00000;00000079;00000000;00000000;00000000;00000000;00000;00000;
07;16;9;002;99;El Acebrón                                        ;00001;00000;00000;00000;00000;00000203;00000000;00000000;00000000;00000000;00000;00000;
07;16;9;003;99;Alarcón                                           ;00001;00000;00000;00000;00000;00000134;00000000;00000000;00000000;00000000;00000;00000;
07;16;9;004;99;Albaladejo del Cuende                             ;00001;00000;00000;00000;00000;00000292;00000000;00000000;00000000;00000000;00000;00000;
07;16;9;005;99;Albalate de las Nogueras                          ;00001;00000;00000;00000;00000;00000260;00000000;00000000;00000000;00000000;00000;00000;
07;16;9;006;99;Albendea                                          ;00001;00000;00000;00000;00000;00000122;00000000;00000000;00000000;00000000;00000;00000;
07;16;9;007;99;La Alberca de Záncara                             ;00002;00000;00000;00000;00000;00001224;00000000;00000000;00000000;00000000;00000;00000;
07;16;9;008;99;Alcalá de la Vega                                 ;00001;00000;00000;00000;00000;00000103;00000000;00000000;00000000;00000000;00000;00000;
07;16;9;009;99;Alcantud                                          ;00001;00000;00000;00000;00000;00000070;00000000;00000000;00000000;00000000;00000;00000;
07;16;9;010;99;Alcázar del Rey                                   ;00001;00000;00000;00000;00000;00000159;00000000;00000000;00000000;00000000;00000;00000;
07;16;9;011;99;Alcohujate                                        ;00001;00000;00000;00000;00000;00000028;00000000;00000000;00000000;00000000;00000;00000;
07;16;9;012;99;Alconchel de la Estrella                          ;00001;00000;00000;00000;00000;00000088;00000000;00000000;00000000;00000000;00000;00000;
07;16;9;013;99;Algarra                                           ;00001;00000;00000;00000;00000;00000025;00000000;00000000;00000000;00000000;00000;00000;
07;16;9;014;99;Aliaguilla                                        ;00001;00000;00000;00000;00000;00000621;00000000;00000000;00000000;00000000;00000;00000;
07;16;9;015;99;La Almarcha                                       ;00001;00000;00000;00000;00000;00000382;00000000;00000000;00000000;00000000;00000;00000;
07;16;9;016;99;Almendros                                         ;00001;00000;00000;00000;00000;00000234;00000000;00000000;00000000;00000000;00000;00000;
07;16;9;017;99;Almodóvar del Pinar                               ;00001;00000;00000;00000;00000;00000380;00000000;00000000;00000000;00000000;00000;00000;
07;16;9;018;99;Almonacid del Marquesado                          ;00001;00000;00000;00000;00000;00000409;00000000;00000000;00000000;00000000;00000;00000;
07;16;9;019;99;Altarejos                                         ;00001;00000;00000;00000;00000;00000224;00000000;00000000;00000000;00000000;00000;00000;
07;16;9;020;99;Arandilla del Arroyo                              ;00001;00000;00000;00000;00000;00000020;00000000;00000000;00000000;00000000;00000;00000;
07;16;9;022;99;Arcos de la Sierra                                ;00001;00000;00000;00000;00000;00000092;00000000;00000000;00000000;00000000;00000;00000;
07;16;9;023;99;Chillarón de Cuenca                               ;00001;00000;00000;00000;00000;00000488;00000000;00000000;00000000;00000000;00000;00000;
07;16;9;024;99;Arguisuelas                                       ;00001;00000;00000;00000;00000;00000117;00000000;00000000;00000000;00000000;00000;00000;
07;16;9;025;99;Arrancacepas                                      ;00001;00000;00000;00000;00000;00000026;00000000;00000000;00000000;00000000;00000;00000;
07;16;9;026;99;Atalaya del Cañavate                              ;00001;00000;00000;00000;00000;00000089;00000000;00000000;00000000;00000000;00000;00000;
07;16;9;027;99;Barajas de Melo                                   ;00002;00000;00000;00000;00000;00000753;00000000;00000000;00000000;00000000;00000;00000;
07;16;9;029;99;Barchín del Hoyo                                  ;00001;00000;00000;00000;00000;00000101;00000000;00000000;00000000;00000000;00000;00000;
07;16;9;030;99;Bascuñana de San Pedro                            ;00001;00000;00000;00000;00000;00000025;00000000;00000000;00000000;00000000;00000;00000;
07;16;9;031;99;Beamud                                            ;00001;00000;00000;00000;00000;00000047;00000000;00000000;00000000;00000000;00000;00000;
07;16;9;032;99;Belinchón                                         ;00001;00000;00000;00000;00000;00000294;00000000;00000000;00000000;00000000;00000;00000;
07;16;9;033;99;Belmonte                                          ;00002;00000;00000;00000;00000;00001764;00000000;00000000;00000000;00000000;00000;00000;
07;16;9;034;99;Belmontejo                                        ;00001;00000;00000;00000;00000;00000184;00000000;00000000;00000000;00000000;00000;00000;
07;16;9;035;99;Beteta                                            ;00001;00000;00000;00000;00000;00000275;00000000;00000000;00000000;00000000;00000;00000;
07;16;9;036;99;Boniches                                          ;00001;00000;00000;00000;00000;00000132;00000000;00000000;00000000;00000000;00000;00000;
07;16;9;038;99;Buciegas                                          ;00001;00000;00000;00000;00000;00000042;00000000;00000000;00000000;00000000;00000;00000;
07;16;9;039;99;Buenache de Alarcón                               ;00001;00000;00000;00000;00000;00000414;00000000;00000000;00000000;00000000;00000;00000;
07;16;9;040;99;Buenache de la Sierra                             ;00001;00000;00000;00000;00000;00000087;00000000;00000000;00000000;00000000;00000;00000;
07;16;9;041;99;Buendía                                           ;00001;00000;00000;00000;00000;00000369;00000000;00000000;00000000;00000000;00000;00000;
07;16;9;042;99;Campillo de Altobuey                              ;00002;00000;00000;00000;00000;00001214;00000000;00000000;00000000;00000000;00000;00000;
07;16;9;043;99;Campillos-Paravientos                             ;00001;00000;00000;00000;00000;00000106;00000000;00000000;00000000;00000000;00000;00000;
07;16;9;044;99;Campillos-Sierra                                  ;00001;00000;00000;00000;00000;00000044;00000000;00000000;00000000;00000000;00000;00000;
07;16;9;045;99;Canalejas del Arroyo                              ;00001;00000;00000;00000;00000;00000221;00000000;00000000;00000000;00000000;00000;00000;
07;16;9;046;99;Cañada del Hoyo                                   ;00001;00000;00000;00000;00000;00000254;00000000;00000000;00000000;00000000;00000;00000;
07;16;9;047;99;Cañada Juncosa                                    ;00001;00000;00000;00000;00000;00000235;00000000;00000000;00000000;00000000;00000;00000;
07;16;9;048;99;Cañamares                                         ;00001;00000;00000;00000;00000;00000412;00000000;00000000;00000000;00000000;00000;00000;
07;16;9;049;99;El Cañavate                                       ;00001;00000;00000;00000;00000;00000150;00000000;00000000;00000000;00000000;00000;00000;
07;16;9;050;99;Cañaveras                                         ;00001;00000;00000;00000;00000;00000270;00000000;00000000;00000000;00000000;00000;00000;
07;16;9;051;99;Cañaveruelas                                      ;00001;00000;00000;00000;00000;00000154;00000000;00000000;00000000;00000000;00000;00000;
07;16;9;052;99;Cañete                                            ;00001;00000;00000;00000;00000;00000597;00000000;00000000;00000000;00000000;00000;00000;
07;16;9;053;99;Cañizares                                         ;00001;00000;00000;00000;00000;00000437;00000000;00000000;00000000;00000000;00000;00000;
07;16;9;055;99;Carboneras de Guadazaón                           ;00001;00000;00000;00000;00000;00000682;00000000;00000000;00000000;00000000;00000;00000;
07;16;9;056;99;Cardenete                                         ;00001;00000;00000;00000;00000;00000485;00000000;00000000;00000000;00000000;00000;00000;
07;16;9;057;99;Carrascosa                                        ;00001;00000;00000;00000;00000;00000083;00000000;00000000;00000000;00000000;00000;00000;
07;16;9;058;99;Carrascosa de Haro                                ;00001;00000;00000;00000;00000;00000112;00000000;00000000;00000000;00000000;00000;00000;
07;16;9;060;99;Casas de Benítez                                  ;00001;00000;00000;00000;00000;00000800;00000000;00000000;00000000;00000000;00000;00000;
07;16;9;061;99;Casas de Fernando Alonso                          ;00001;00000;00000;00000;00000;00001041;00000000;00000000;00000000;00000000;00000;00000;
07;16;9;062;99;Casas de Garcimolina                              ;00001;00000;00000;00000;00000;00000024;00000000;00000000;00000000;00000000;00000;00000;
07;16;9;063;99;Casas de Guijarro                                 ;00001;00000;00000;00000;00000;00000100;00000000;00000000;00000000;00000000;00000;00000;
07;16;9;064;99;Casas de Haro                                     ;00001;00000;00000;00000;00000;00000728;00000000;00000000;00000000;00000000;00000;00000;
07;16;9;065;99;Casas de los Pinos                                ;00001;00000;00000;00000;00000;00000442;00000000;00000000;00000000;00000000;00000;00000;
07;16;9;066;99;Casasimarro                                       ;00003;00000;00000;00000;00000;00002379;00000000;00000000;00000000;00000000;00000;00000;
07;16;9;067;99;Castejón                                          ;00001;00000;00000;00000;00000;00000121;00000000;00000000;00000000;00000000;00000;00000;
07;16;9;068;99;Castillejo de Iniesta                             ;00001;00000;00000;00000;00000;00000143;00000000;00000000;00000000;00000000;00000;00000;
07;16;9;070;99;Castillejo-Sierra                                 ;00001;00000;00000;00000;00000;00000032;00000000;00000000;00000000;00000000;00000;00000;
07;16;9;071;99;Castillo-Albaráñez                                ;00001;00000;00000;00000;00000;00000020;00000000;00000000;00000000;00000000;00000;00000;
07;16;9;072;99;Castillo de Garcimuñoz                            ;00001;00000;00000;00000;00000;00000156;00000000;00000000;00000000;00000000;00000;00000;
07;16;9;073;99;Cervera del Llano                                 ;00001;00000;00000;00000;00000;00000196;00000000;00000000;00000000;00000000;00000;00000;
07;16;9;074;99;La Cierva                                         ;00001;00000;00000;00000;00000;00000046;00000000;00000000;00000000;00000000;00000;00000;
07;16;9;078;99;Cuenca                                            ;00052;00000;00000;00000;00000;00041631;00000000;00000000;00000000;00000000;00000;00000;
07;16;9;079;99;Cueva del Hierro                                  ;00001;00000;00000;00000;00000;00000031;00000000;00000000;00000000;00000000;00000;00000;
07;16;9;081;99;Chumillas                                         ;00001;00000;00000;00000;00000;00000053;00000000;00000000;00000000;00000000;00000;00000;
07;16;9;082;99;Enguídanos                                        ;00001;00000;00000;00000;00000;00000304;00000000;00000000;00000000;00000000;00000;00000;
07;16;9;083;99;Fresneda de Altarejos                             ;00001;00000;00000;00000;00000;00000057;00000000;00000000;00000000;00000000;00000;00000;
07;16;9;084;99;Fresneda de la Sierra                             ;00001;00000;00000;00000;00000;00000050;00000000;00000000;00000000;00000000;00000;00000;
07;16;9;085;99;La Frontera                                       ;00001;00000;00000;00000;00000;00000137;00000000;00000000;00000000;00000000;00000;00000;
07;16;9;086;99;Fuente de Pedro Naharro                           ;00001;00000;00000;00000;00000;00000911;00000000;00000000;00000000;00000000;00000;00000;
07;16;9;087;99;Fuentelespino de Haro                             ;00001;00000;00000;00000;00000;00000233;00000000;00000000;00000000;00000000;00000;00000;
07;16;9;088;99;Fuentelespino de Moya                             ;00001;00000;00000;00000;00000;00000113;00000000;00000000;00000000;00000000;00000;00000;
07;16;9;089;99;Fuentes                                           ;00001;00000;00000;00000;00000;00000384;00000000;00000000;00000000;00000000;00000;00000;
07;16;9;091;99;Fuertescusa                                       ;00001;00000;00000;00000;00000;00000074;00000000;00000000;00000000;00000000;00000;00000;
07;16;9;092;99;Gabaldón                                          ;00001;00000;00000;00000;00000;00000156;00000000;00000000;00000000;00000000;00000;00000;
07;16;9;093;99;Garaballa                                         ;00001;00000;00000;00000;00000;00000068;00000000;00000000;00000000;00000000;00000;00000;
07;16;9;094;99;Gascueña                                          ;00001;00000;00000;00000;00000;00000127;00000000;00000000;00000000;00000000;00000;00000;
07;16;9;095;99;Graja de Campalbo                                 ;00001;00000;00000;00000;00000;00000088;00000000;00000000;00000000;00000000;00000;00000;
07;16;9;096;99;Graja de Iniesta                                  ;00001;00000;00000;00000;00000;00000280;00000000;00000000;00000000;00000000;00000;00000;
07;16;9;097;99;Henarejos                                         ;00001;00000;00000;00000;00000;00000171;00000000;00000000;00000000;00000000;00000;00000;
07;16;9;098;99;El Herrumblar                                     ;00001;00000;00000;00000;00000;00000563;00000000;00000000;00000000;00000000;00000;00000;
07;16;9;099;99;La Hinojosa                                       ;00001;00000;00000;00000;00000;00000210;00000000;00000000;00000000;00000000;00000;00000;
07;16;9;100;99;Los Hinojosos                                     ;00001;00000;00000;00000;00000;00000744;00000000;00000000;00000000;00000000;00000;00000;
07;16;9;101;99;El Hito                                           ;00001;00000;00000;00000;00000;00000158;00000000;00000000;00000000;00000000;00000;00000;
07;16;9;102;99;Honrubia                                          ;00002;00000;00000;00000;00000;00001271;00000000;00000000;00000000;00000000;00000;00000;
07;16;9;103;99;Hontanaya                                         ;00001;00000;00000;00000;00000;00000285;00000000;00000000;00000000;00000000;00000;00000;
07;16;9;104;99;Hontecillas                                       ;00001;00000;00000;00000;00000;00000059;00000000;00000000;00000000;00000000;00000;00000;
07;16;9;106;99;Horcajo de Santiago                               ;00003;00000;00000;00000;00000;00002901;00000000;00000000;00000000;00000000;00000;00000;
07;16;9;107;99;Huélamo                                           ;00001;00000;00000;00000;00000;00000117;00000000;00000000;00000000;00000000;00000;00000;
07;16;9;108;99;Huelves                                           ;00001;00000;00000;00000;00000;00000060;00000000;00000000;00000000;00000000;00000;00000;
07;16;9;109;99;Huérguina                                         ;00001;00000;00000;00000;00000;00000036;00000000;00000000;00000000;00000000;00000;00000;
07;16;9;110;99;Huerta de la Obispalía                            ;00001;00000;00000;00000;00000;00000103;00000000;00000000;00000000;00000000;00000;00000;
07;16;9;111;99;Huerta del Marquesado                             ;00001;00000;00000;00000;00000;00000167;00000000;00000000;00000000;00000000;00000;00000;
07;16;9;112;99;Huete                                             ;00002;00000;00000;00000;00000;00001512;00000000;00000000;00000000;00000000;00000;00000;
07;16;9;113;99;Iniesta                                           ;00004;00000;00000;00000;00000;00003107;00000000;00000000;00000000;00000000;00000;00000;
07;16;9;115;99;Laguna del Marquesado                             ;00001;00000;00000;00000;00000;00000051;00000000;00000000;00000000;00000000;00000;00000;
07;16;9;116;99;Lagunaseca                                        ;00001;00000;00000;00000;00000;00000081;00000000;00000000;00000000;00000000;00000;00000;
07;16;9;117;99;Landete                                           ;00001;00000;00000;00000;00000;00001088;00000000;00000000;00000000;00000000;00000;00000;
07;16;9;118;99;Ledaña                                            ;00002;00000;00000;00000;00000;00001406;00000000;00000000;00000000;00000000;00000;00000;
07;16;9;119;99;Leganiel                                          ;00001;00000;00000;00000;00000;00000166;00000000;00000000;00000000;00000000;00000;00000;
07;16;9;121;99;Las Majadas                                       ;00001;00000;00000;00000;00000;00000272;00000000;00000000;00000000;00000000;00000;00000;
07;16;9;122;99;Mariana                                           ;00001;00000;00000;00000;00000;00000248;00000000;00000000;00000000;00000000;00000;00000;
07;16;9;123;99;Masegosa                                          ;00001;00000;00000;00000;00000;00000085;00000000;00000000;00000000;00000000;00000;00000;
07;16;9;124;99;Las Mesas                                         ;00003;00000;00000;00000;00000;00001897;00000000;00000000;00000000;00000000;00000;00000;
07;16;9;125;99;Minglanilla                                       ;00002;00000;00000;00000;00000;00001814;00000000;00000000;00000000;00000000;00000;00000;
07;16;9;126;99;Mira                                              ;00001;00000;00000;00000;00000;00000801;00000000;00000000;00000000;00000000;00000;00000;
07;16;9;128;99;Monreal del Llano                                 ;00001;00000;00000;00000;00000;00000070;00000000;00000000;00000000;00000000;00000;00000;
07;16;9;129;99;Montalbanejo                                      ;00001;00000;00000;00000;00000;00000109;00000000;00000000;00000000;00000000;00000;00000;
07;16;9;130;99;Montalbo                                          ;00001;00000;00000;00000;00000;00000603;00000000;00000000;00000000;00000000;00000;00000;
07;16;9;131;99;Monteagudo de las Salinas                         ;00001;00000;00000;00000;00000;00000128;00000000;00000000;00000000;00000000;00000;00000;
07;16;9;132;99;Mota de Altarejos                                 ;00001;00000;00000;00000;00000;00000033;00000000;00000000;00000000;00000000;00000;00000;
07;16;9;133;99;Mota del Cuervo                                   ;00005;00000;00000;00000;00000;00004475;00000000;00000000;00000000;00000000;00000;00000;
07;16;9;134;99;Motilla del Palancar                              ;00005;00000;00000;00000;00000;00004393;00000000;00000000;00000000;00000000;00000;00000;
07;16;9;135;99;Moya                                              ;00001;00000;00000;00000;00000;00000152;00000000;00000000;00000000;00000000;00000;00000;
07;16;9;137;99;Narboneta                                         ;00001;00000;00000;00000;00000;00000050;00000000;00000000;00000000;00000000;00000;00000;
07;16;9;139;99;Olivares de Júcar                                 ;00001;00000;00000;00000;00000;00000327;00000000;00000000;00000000;00000000;00000;00000;
07;16;9;140;99;Olmeda de la Cuesta                               ;00001;00000;00000;00000;00000;00000031;00000000;00000000;00000000;00000000;00000;00000;
07;16;9;141;99;Olmeda del Rey                                    ;00001;00000;00000;00000;00000;00000146;00000000;00000000;00000000;00000000;00000;00000;
07;16;9;142;99;Olmedilla de Alarcón                              ;00001;00000;00000;00000;00000;00000136;00000000;00000000;00000000;00000000;00000;00000;
07;16;9;143;99;Olmedilla de Eliz                                 ;00001;00000;00000;00000;00000;00000021;00000000;00000000;00000000;00000000;00000;00000;
07;16;9;145;99;Osa de la Vega                                    ;00001;00000;00000;00000;00000;00000482;00000000;00000000;00000000;00000000;00000;00000;
07;16;9;146;99;Pajarón                                           ;00001;00000;00000;00000;00000;00000090;00000000;00000000;00000000;00000000;00000;00000;
07;16;9;147;99;Pajaroncillo                                      ;00001;00000;00000;00000;00000;00000067;00000000;00000000;00000000;00000000;00000;00000;
07;16;9;148;99;Palomares del Campo                               ;00001;00000;00000;00000;00000;00000612;00000000;00000000;00000000;00000000;00000;00000;
07;16;9;149;99;Palomera                                          ;00001;00000;00000;00000;00000;00000162;00000000;00000000;00000000;00000000;00000;00000;
07;16;9;150;99;Paracuellos                                       ;00001;00000;00000;00000;00000;00000100;00000000;00000000;00000000;00000000;00000;00000;
07;16;9;151;99;Paredes                                           ;00001;00000;00000;00000;00000;00000063;00000000;00000000;00000000;00000000;00000;00000;
07;16;9;152;99;La Parra de las Vegas                             ;00001;00000;00000;00000;00000;00000038;00000000;00000000;00000000;00000000;00000;00000;
07;16;9;153;99;El Pedernoso                                      ;00001;00000;00000;00000;00000;00000970;00000000;00000000;00000000;00000000;00000;00000;
07;16;9;154;99;Las Pedroñeras                                    ;00006;00000;00000;00000;00000;00004953;00000000;00000000;00000000;00000000;00000;00000;
07;16;9;155;99;El Peral                                          ;00001;00000;00000;00000;00000;00000525;00000000;00000000;00000000;00000000;00000;00000;
07;16;9;156;99;La Peraleja                                       ;00001;00000;00000;00000;00000;00000102;00000000;00000000;00000000;00000000;00000;00000;
07;16;9;157;99;La Pesquera                                       ;00001;00000;00000;00000;00000;00000216;00000000;00000000;00000000;00000000;00000;00000;
07;16;9;158;99;El Picazo                                         ;00001;00000;00000;00000;00000;00000556;00000000;00000000;00000000;00000000;00000;00000;
07;16;9;159;99;Pinarejo                                          ;00001;00000;00000;00000;00000;00000227;00000000;00000000;00000000;00000000;00000;00000;
07;16;9;160;99;Pineda de Gigüela                                 ;00001;00000;00000;00000;00000;00000071;00000000;00000000;00000000;00000000;00000;00000;
07;16;9;161;99;Piqueras del Castillo                             ;00001;00000;00000;00000;00000;00000060;00000000;00000000;00000000;00000000;00000;00000;
07;16;9;162;99;Portalrubio de Guadamejud                         ;00001;00000;00000;00000;00000;00000047;00000000;00000000;00000000;00000000;00000;00000;
07;16;9;163;99;Portilla                                          ;00001;00000;00000;00000;00000;00000072;00000000;00000000;00000000;00000000;00000;00000;
07;16;9;165;99;Poyatos                                           ;00001;00000;00000;00000;00000;00000071;00000000;00000000;00000000;00000000;00000;00000;
07;16;9;166;99;Pozoamargo                                        ;00001;00000;00000;00000;00000;00000253;00000000;00000000;00000000;00000000;00000;00000;
07;16;9;167;99;Pozorrubio de Santiago                            ;00001;00000;00000;00000;00000;00000342;00000000;00000000;00000000;00000000;00000;00000;
07;16;9;169;99;El Pozuelo                                        ;00001;00000;00000;00000;00000;00000057;00000000;00000000;00000000;00000000;00000;00000;
07;16;9;170;99;Priego                                            ;00001;00000;00000;00000;00000;00000708;00000000;00000000;00000000;00000000;00000;00000;
07;16;9;171;99;El Provencio                                      ;00002;00000;00000;00000;00000;00001864;00000000;00000000;00000000;00000000;00000;00000;
07;16;9;172;99;Puebla de Almenara                                ;00001;00000;00000;00000;00000;00000358;00000000;00000000;00000000;00000000;00000;00000;
07;16;9;173;99;El Valle de Altomira                              ;00001;00000;00000;00000;00000;00000224;00000000;00000000;00000000;00000000;00000;00000;
07;16;9;174;99;Puebla del Salvador                               ;00001;00000;00000;00000;00000;00000206;00000000;00000000;00000000;00000000;00000;00000;
07;16;9;175;99;Quintanar del Rey                                 ;00008;00000;00000;00000;00000;00005132;00000000;00000000;00000000;00000000;00000;00000;
07;16;9;176;99;Rada de Haro                                      ;00001;00000;00000;00000;00000;00000050;00000000;00000000;00000000;00000000;00000;00000;
07;16;9;177;99;Reíllo                                            ;00001;00000;00000;00000;00000;00000081;00000000;00000000;00000000;00000000;00000;00000;
07;16;9;181;99;Rozalén del Monte                                 ;00001;00000;00000;00000;00000;00000074;00000000;00000000;00000000;00000000;00000;00000;
07;16;9;185;99;Saceda-Trasierra                                  ;00001;00000;00000;00000;00000;00000046;00000000;00000000;00000000;00000000;00000;00000;
07;16;9;186;99;Saelices                                          ;00001;00000;00000;00000;00000;00000477;00000000;00000000;00000000;00000000;00000;00000;
07;16;9;187;99;Salinas del Manzano                               ;00001;00000;00000;00000;00000;00000072;00000000;00000000;00000000;00000000;00000;00000;
07;16;9;188;99;Salmeroncillos                                    ;00001;00000;00000;00000;00000;00000097;00000000;00000000;00000000;00000000;00000;00000;
07;16;9;189;99;Salvacañete                                       ;00001;00000;00000;00000;00000;00000257;00000000;00000000;00000000;00000000;00000;00000;
07;16;9;190;99;San Clemente                                      ;00007;00000;00000;00000;00000;00005098;00000000;00000000;00000000;00000000;00000;00000;
07;16;9;191;99;San Lorenzo de la Parrilla                        ;00001;00000;00000;00000;00000;00000956;00000000;00000000;00000000;00000000;00000;00000;
07;16;9;192;99;San Martín de Boniches                            ;00001;00000;00000;00000;00000;00000046;00000000;00000000;00000000;00000000;00000;00000;
07;16;9;193;99;San Pedro Palmiches                               ;00001;00000;00000;00000;00000;00000069;00000000;00000000;00000000;00000000;00000;00000;
07;16;9;194;99;Santa Cruz de Moya                                ;00001;00000;00000;00000;00000;00000266;00000000;00000000;00000000;00000000;00000;00000;
07;16;9;195;99;Santa María del Campo Rus                         ;00001;00000;00000;00000;00000;00000522;00000000;00000000;00000000;00000000;00000;00000;
07;16;9;196;99;Santa María de los Llanos                         ;00001;00000;00000;00000;00000;00000631;00000000;00000000;00000000;00000000;00000;00000;
07;16;9;197;99;Santa María del Val                               ;00001;00000;00000;00000;00000;00000062;00000000;00000000;00000000;00000000;00000;00000;
07;16;9;198;99;Sisante                                           ;00002;00000;00000;00000;00000;00001451;00000000;00000000;00000000;00000000;00000;00000;
07;16;9;199;99;Solera de Gabaldón                                ;00001;00000;00000;00000;00000;00000026;00000000;00000000;00000000;00000000;00000;00000;
07;16;9;202;99;Talayuelas                                        ;00002;00000;00000;00000;00000;00000814;00000000;00000000;00000000;00000000;00000;00000;
07;16;9;203;99;Tarancón                                          ;00012;00000;00000;00000;00000;00010243;00000000;00000000;00000000;00000000;00000;00000;
07;16;9;204;99;Tébar                                             ;00001;00000;00000;00000;00000;00000278;00000000;00000000;00000000;00000000;00000;00000;
07;16;9;205;99;Tejadillos                                        ;00001;00000;00000;00000;00000;00000105;00000000;00000000;00000000;00000000;00000;00000;
07;16;9;206;99;Tinajas                                           ;00001;00000;00000;00000;00000;00000218;00000000;00000000;00000000;00000000;00000;00000;
07;16;9;209;99;Torralba                                          ;00001;00000;00000;00000;00000;00000128;00000000;00000000;00000000;00000000;00000;00000;
07;16;9;211;99;Torrejoncillo del Rey                             ;00001;00000;00000;00000;00000;00000413;00000000;00000000;00000000;00000000;00000;00000;
07;16;9;212;99;Torrubia del Campo                                ;00001;00000;00000;00000;00000;00000265;00000000;00000000;00000000;00000000;00000;00000;
07;16;9;213;99;Torrubia del Castillo                             ;00001;00000;00000;00000;00000;00000037;00000000;00000000;00000000;00000000;00000;00000;
07;16;9;215;99;Tragacete                                         ;00001;00000;00000;00000;00000;00000271;00000000;00000000;00000000;00000000;00000;00000;
07;16;9;216;99;Tresjuncos                                        ;00001;00000;00000;00000;00000;00000315;00000000;00000000;00000000;00000000;00000;00000;
07;16;9;217;99;Tribaldos                                         ;00001;00000;00000;00000;00000;00000085;00000000;00000000;00000000;00000000;00000;00000;
07;16;9;218;99;Uclés                                             ;00001;00000;00000;00000;00000;00000196;00000000;00000000;00000000;00000000;00000;00000;
07;16;9;219;99;Uña                                               ;00001;00000;00000;00000;00000;00000105;00000000;00000000;00000000;00000000;00000;00000;
07;16;9;224;99;Valdemeca                                         ;00001;00000;00000;00000;00000;00000074;00000000;00000000;00000000;00000000;00000;00000;
07;16;9;225;99;Valdemorillo de la Sierra                         ;00001;00000;00000;00000;00000;00000074;00000000;00000000;00000000;00000000;00000;00000;
07;16;9;227;99;Valdemoro-Sierra                                  ;00001;00000;00000;00000;00000;00000118;00000000;00000000;00000000;00000000;00000;00000;
07;16;9;228;99;Valdeolivas                                       ;00001;00000;00000;00000;00000;00000186;00000000;00000000;00000000;00000000;00000;00000;
07;16;9;231;99;Valhermoso de la Fuente                           ;00001;00000;00000;00000;00000;00000047;00000000;00000000;00000000;00000000;00000;00000;
07;16;9;234;99;Valsalobre                                        ;00001;00000;00000;00000;00000;00000034;00000000;00000000;00000000;00000000;00000;00000;
07;16;9;236;99;Valverde de Júcar                                 ;00001;00000;00000;00000;00000;00000917;00000000;00000000;00000000;00000000;00000;00000;
07;16;9;237;99;Valverdejo                                        ;00001;00000;00000;00000;00000;00000110;00000000;00000000;00000000;00000000;00000;00000;
07;16;9;238;99;Vara de Rey                                       ;00001;00000;00000;00000;00000;00000520;00000000;00000000;00000000;00000000;00000;00000;
07;16;9;239;99;Vega del Codorno                                  ;00001;00000;00000;00000;00000;00000138;00000000;00000000;00000000;00000000;00000;00000;
07;16;9;240;99;Vellisca                                          ;00001;00000;00000;00000;00000;00000119;00000000;00000000;00000000;00000000;00000;00000;
07;16;9;242;99;Villaconejos de Trabaque                          ;00001;00000;00000;00000;00000;00000350;00000000;00000000;00000000;00000000;00000;00000;
07;16;9;243;99;Villaescusa de Haro                               ;00001;00000;00000;00000;00000;00000425;00000000;00000000;00000000;00000000;00000;00000;
07;16;9;244;99;Villagarcía del Llano                             ;00001;00000;00000;00000;00000;00000715;00000000;00000000;00000000;00000000;00000;00000;
07;16;9;245;99;Villalba de la Sierra                             ;00001;00000;00000;00000;00000;00000422;00000000;00000000;00000000;00000000;00000;00000;
07;16;9;246;99;Villalba del Rey                                  ;00001;00000;00000;00000;00000;00000487;00000000;00000000;00000000;00000000;00000;00000;
07;16;9;247;99;Villalgordo del Marquesado                        ;00001;00000;00000;00000;00000;00000076;00000000;00000000;00000000;00000000;00000;00000;
07;16;9;248;99;Villalpardo                                       ;00001;00000;00000;00000;00000;00000894;00000000;00000000;00000000;00000000;00000;00000;
07;16;9;249;99;Villamayor de Santiago                            ;00003;00000;00000;00000;00000;00002025;00000000;00000000;00000000;00000000;00000;00000;
07;16;9;250;99;Villanueva de Guadamejud                          ;00001;00000;00000;00000;00000;00000082;00000000;00000000;00000000;00000000;00000;00000;
07;16;9;251;99;Villanueva de la Jara                             ;00002;00000;00000;00000;00000;00001863;00000000;00000000;00000000;00000000;00000;00000;
07;16;9;253;99;Villar de Cañas                                   ;00001;00000;00000;00000;00000;00000385;00000000;00000000;00000000;00000000;00000;00000;
07;16;9;254;99;Villar de Domingo García                          ;00001;00000;00000;00000;00000;00000216;00000000;00000000;00000000;00000000;00000;00000;
07;16;9;255;99;Villar de la Encina                               ;00001;00000;00000;00000;00000;00000143;00000000;00000000;00000000;00000000;00000;00000;
07;16;9;258;99;Villar del Humo                                   ;00001;00000;00000;00000;00000;00000218;00000000;00000000;00000000;00000000;00000;00000;
07;16;9;259;99;Villar del Infantado                              ;00001;00000;00000;00000;00000;00000030;00000000;00000000;00000000;00000000;00000;00000;
07;16;9;263;99;Villar de Olalla                                  ;00001;00000;00000;00000;00000;00000963;00000000;00000000;00000000;00000000;00000;00000;
07;16;9;264;99;Villarejo de Fuentes                              ;00001;00000;00000;00000;00000;00000456;00000000;00000000;00000000;00000000;00000;00000;
07;16;9;265;99;Villarejo de la Peñuela                           ;00001;00000;00000;00000;00000;00000025;00000000;00000000;00000000;00000000;00000;00000;
07;16;9;266;99;Villarejo-Periesteban                             ;00001;00000;00000;00000;00000;00000386;00000000;00000000;00000000;00000000;00000;00000;
07;16;9;269;99;Villares del Saz                                  ;00001;00000;00000;00000;00000;00000457;00000000;00000000;00000000;00000000;00000;00000;
07;16;9;270;99;Villarrubio                                       ;00001;00000;00000;00000;00000;00000175;00000000;00000000;00000000;00000000;00000;00000;
07;16;9;271;99;Villarta                                          ;00001;00000;00000;00000;00000;00000634;00000000;00000000;00000000;00000000;00000;00000;
07;16;9;272;99;Villas de la Ventosa                              ;00001;00000;00000;00000;00000;00000242;00000000;00000000;00000000;00000000;00000;00000;
07;16;9;273;99;Villaverde y Pasaconsol                           ;00001;00000;00000;00000;00000;00000325;00000000;00000000;00000000;00000000;00000;00000;
07;16;9;274;99;Víllora                                           ;00001;00000;00000;00000;00000;00000136;00000000;00000000;00000000;00000000;00000;00000;
07;16;9;275;99;Vindel                                            ;00001;00000;00000;00000;00000;00000011;00000000;00000000;00000000;00000000;00000;00000;
07;16;9;276;99;Yémeda                                            ;00001;00000;00000;00000;00000;00000022;00000000;00000000;00000000;00000000;00000;00000;
07;16;9;277;99;Zafra de Záncara                                  ;00001;00000;00000;00000;00000;00000122;00000000;00000000;00000000;00000000;00000;00000;
07;16;9;278;99;Zafrilla                                          ;00001;00000;00000;00000;00000;00000077;00000000;00000000;00000000;00000000;00000;00000;
07;16;9;279;99;Zarza de Tajo                                     ;00001;00000;00000;00000;00000;00000230;00000000;00000000;00000000;00000000;00000;00000;
07;16;9;280;99;Zarzuela                                          ;00001;00000;00000;00000;00000;00000193;00000000;00000000;00000000;00000000;00000;00000;
07;16;9;901;99;Campos del Paraíso                                ;00002;00000;00000;00000;00000;00000743;00000000;00000000;00000000;00000000;00000;00000;
07;16;9;902;99;Valdetórtola                                      ;00001;00000;00000;00000;00000;00000147;00000000;00000000;00000000;00000000;00000;00000;
07;16;9;903;99;Las Valeras                                       ;00001;00000;00000;00000;00000;00001082;00000000;00000000;00000000;00000000;00000;00000;
07;16;9;904;99;Fuentenava de Jábaga                              ;00001;00000;00000;00000;00000;00000480;00000000;00000000;00000000;00000000;00000;00000;
07;16;9;905;99;Arcas                                             ;00001;00000;00000;00000;00000;00001132;00000000;00000000;00000000;00000000;00000;00000;
07;16;9;906;99;Los Valdecolmenas                                 ;00001;00000;00000;00000;00000;00000093;00000000;00000000;00000000;00000000;00000;00000;
07;16;9;908;99;Pozorrubielos de la Mancha                        ;00001;00000;00000;00000;00000;00000191;00000000;00000000;00000000;00000000;00000;00000;
07;16;9;909;99;Sotorribas                                        ;00002;00000;00000;00000;00000;00000729;00000000;00000000;00000000;00000000;00000;00000;
07;16;9;910;99;Villar y Velasco                                  ;00001;00000;00000;00000;00000;00000098;00000000;00000000;00000000;00000000;00000;00000;
