12;28;9;001;99;La Acebeda                                        ;00001;00000;00000;00000;00000;00000062;00000000;00000000;00000000;00000000;00000;00000;
12;28;9;002;99;Ajalvir                                           ;00004;00000;00000;00000;00000;00002939;00000000;00000000;00000000;00000000;00000;00000;
12;28;9;003;99;Alameda del Valle                                 ;00001;00000;00000;00000;00000;00000190;00000000;00000000;00000000;00000000;00000;00000;
12;28;9;004;99;El Álamo                                          ;00006;00000;00000;00000;00000;00006067;00000000;00000000;00000000;00000000;00000;00000;
12;28;9;005;99;Alcalá de Henares                                 ;00165;00000;00000;00000;00000;00135903;00000000;00000000;00000000;00000000;00000;00000;
12;28;9;006;99;Alcobendas                                        ;00099;00000;00000;00000;00000;00078001;00000000;00000000;00000000;00000000;00000;00000;
12;28;9;007;99;Alcorcón                                          ;00153;00000;00000;00000;00000;00124548;00000000;00000000;00000000;00000000;00000;00000;
12;28;9;008;99;Aldea del Fresno                                  ;00002;00000;00000;00000;00000;00001789;00000000;00000000;00000000;00000000;00000;00000;
12;28;9;009;99;Algete                                            ;00016;00000;00000;00000;00000;00014119;00000000;00000000;00000000;00000000;00000;00000;
12;28;9;010;99;Alpedrete                                         ;00011;00000;00000;00000;00000;00009711;00000000;00000000;00000000;00000000;00000;00000;
12;28;9;011;99;Ambite                                            ;00001;00000;00000;00000;00000;00000472;00000000;00000000;00000000;00000000;00000;00000;
12;28;9;012;99;Anchuelo                                          ;00001;00000;00000;00000;00000;00000878;00000000;00000000;00000000;00000000;00000;00000;
12;28;9;013;99;Aranjuez                                          ;00050;00000;00000;00000;00000;00040125;00000000;00000000;00000000;00000000;00000;00000;
12;28;9;014;99;Arganda del Rey                                   ;00041;00000;00000;00000;00000;00034688;00000000;00000000;00000000;00000000;00000;00000;
12;28;9;015;99;Arroyomolinos                                     ;00022;00000;00000;00000;00000;00017296;00000000;00000000;00000000;00000000;00000;00000;
12;28;9;016;99;El Atazar                                         ;00001;00000;00000;00000;00000;00000085;00000000;00000000;00000000;00000000;00000;00000;
12;28;9;017;99;Batres                                            ;00002;00000;00000;00000;00000;00001195;00000000;00000000;00000000;00000000;00000;00000;
12;28;9;018;99;Becerril de la Sierra                             ;00004;00000;00000;00000;00000;00003706;00000000;00000000;00000000;00000000;00000;00000;
12;28;9;019;99;Belmonte de Tajo                                  ;00002;00000;00000;00000;00000;00001235;00000000;00000000;00000000;00000000;00000;00000;
12;28;9;020;99;Berzosa del Lozoya                                ;00001;00000;00000;00000;00000;00000138;00000000;00000000;00000000;00000000;00000;00000;
12;28;9;021;99;El Berrueco                                       ;00001;00000;00000;00000;00000;00000449;00000000;00000000;00000000;00000000;00000;00000;
12;28;9;022;99;Boadilla del Monte                                ;00038;00000;00000;00000;00000;00031732;00000000;00000000;00000000;00000000;00000;00000;
12;28;9;023;99;El Boalo                                          ;00005;00000;00000;00000;00000;00004567;00000000;00000000;00000000;00000000;00000;00000;
12;28;9;024;99;Braojos                                           ;00001;00000;00000;00000;00000;00000152;00000000;00000000;00000000;00000000;00000;00000;
12;28;9;025;99;Brea de Tajo                                      ;00001;00000;00000;00000;00000;00000444;00000000;00000000;00000000;00000000;00000;00000;
12;28;9;026;99;Brunete                                           ;00009;00000;00000;00000;00000;00006284;00000000;00000000;00000000;00000000;00000;00000;
12;28;9;027;99;Buitrago del Lozoya                               ;00002;00000;00000;00000;00000;00001257;00000000;00000000;00000000;00000000;00000;00000;
12;28;9;028;99;Bustarviejo                                       ;00002;00000;00000;00000;00000;00001725;00000000;00000000;00000000;00000000;00000;00000;
12;28;9;029;99;Cabanillas de la Sierra                           ;00001;00000;00000;00000;00000;00000541;00000000;00000000;00000000;00000000;00000;00000;
12;28;9;030;99;La Cabrera                                        ;00002;00000;00000;00000;00000;00001712;00000000;00000000;00000000;00000000;00000;00000;
12;28;9;031;99;Cadalso de los Vidrios                            ;00002;00000;00000;00000;00000;00002071;00000000;00000000;00000000;00000000;00000;00000;
12;28;9;032;99;Camarma de Esteruelas                             ;00006;00000;00000;00000;00000;00004689;00000000;00000000;00000000;00000000;00000;00000;
12;28;9;033;99;Campo Real                                        ;00004;00000;00000;00000;00000;00003874;00000000;00000000;00000000;00000000;00000;00000;
12;28;9;034;99;Canencia                                          ;00001;00000;00000;00000;00000;00000364;00000000;00000000;00000000;00000000;00000;00000;
12;28;9;035;99;Carabaña                                          ;00002;00000;00000;00000;00000;00001375;00000000;00000000;00000000;00000000;00000;00000;
12;28;9;036;99;Casarrubuelos                                     ;00003;00000;00000;00000;00000;00002464;00000000;00000000;00000000;00000000;00000;00000;
12;28;9;037;99;Cenicientos                                       ;00002;00000;00000;00000;00000;00001606;00000000;00000000;00000000;00000000;00000;00000;
12;28;9;038;99;Cercedilla                                        ;00005;00000;00000;00000;00000;00004987;00000000;00000000;00000000;00000000;00000;00000;
12;28;9;039;99;Cervera de Buitrago                               ;00001;00000;00000;00000;00000;00000132;00000000;00000000;00000000;00000000;00000;00000;
12;28;9;040;99;Ciempozuelos                                      ;00018;00000;00000;00000;00000;00015811;00000000;00000000;00000000;00000000;00000;00000;
12;28;9;041;99;Cobeña                                            ;00005;00000;00000;00000;00000;00004490;00000000;00000000;00000000;00000000;00000;00000;
12;28;9;042;99;Colmenar del Arroyo                               ;00001;00000;00000;00000;00000;00001133;00000000;00000000;00000000;00000000;00000;00000;
12;28;9;043;99;Colmenar de Oreja                                 ;00006;00000;00000;00000;00000;00006019;00000000;00000000;00000000;00000000;00000;00000;
12;28;9;044;99;Colmenarejo                                       ;00008;00000;00000;00000;00000;00005743;00000000;00000000;00000000;00000000;00000;00000;
12;28;9;045;99;Colmenar Viejo                                    ;00038;00000;00000;00000;00000;00032589;00000000;00000000;00000000;00000000;00000;00000;
12;28;9;046;99;Collado Mediano                                   ;00006;00000;00000;00000;00000;00004492;00000000;00000000;00000000;00000000;00000;00000;
12;28;9;047;99;Collado Villalba                                  ;00048;00000;00000;00000;00000;00040474;00000000;00000000;00000000;00000000;00000;00000;
12;28;9;048;99;Corpa                                             ;00001;00000;00000;00000;00000;00000510;00000000;00000000;00000000;00000000;00000;00000;
12;28;9;049;99;Coslada                                           ;00074;00000;00000;00000;00000;00059686;00000000;00000000;00000000;00000000;00000;00000;
12;28;9;050;99;Cubas de la Sagra                                 ;00004;00000;00000;00000;00000;00003948;00000000;00000000;00000000;00000000;00000;00000;
12;28;9;051;99;Chapinería                                        ;00002;00000;00000;00000;00000;00001527;00000000;00000000;00000000;00000000;00000;00000;
12;28;9;052;99;Chinchón                                          ;00005;00000;00000;00000;00000;00003877;00000000;00000000;00000000;00000000;00000;00000;
12;28;9;053;99;Daganzo de Arriba                                 ;00008;00000;00000;00000;00000;00006418;00000000;00000000;00000000;00000000;00000;00000;
12;28;9;054;99;El Escorial                                       ;00011;00000;00000;00000;00000;00011041;00000000;00000000;00000000;00000000;00000;00000;
12;28;9;055;99;Estremera                                         ;00001;00000;00000;00000;00000;00000979;00000000;00000000;00000000;00000000;00000;00000;
12;28;9;056;99;Fresnedillas de la Oliva                          ;00001;00000;00000;00000;00000;00000868;00000000;00000000;00000000;00000000;00000;00000;
12;28;9;057;99;Fresno de Torote                                  ;00002;00000;00000;00000;00000;00001451;00000000;00000000;00000000;00000000;00000;00000;
12;28;9;058;99;Fuenlabrada                                       ;00169;00000;00000;00000;00000;00138933;00000000;00000000;00000000;00000000;00000;00000;
12;28;9;059;99;Fuente el Saz de Jarama                           ;00005;00000;00000;00000;00000;00004303;00000000;00000000;00000000;00000000;00000;00000;
12;28;9;060;99;Fuentidueña de Tajo                               ;00002;00000;00000;00000;00000;00001512;00000000;00000000;00000000;00000000;00000;00000;
12;28;9;061;99;Galapagar                                         ;00025;00000;00000;00000;00000;00021302;00000000;00000000;00000000;00000000;00000;00000;
12;28;9;062;99;Garganta de los Montes                            ;00001;00000;00000;00000;00000;00000320;00000000;00000000;00000000;00000000;00000;00000;
12;28;9;063;99;Gargantilla del Lozoya y Pinilla de Buitrago      ;00001;00000;00000;00000;00000;00000263;00000000;00000000;00000000;00000000;00000;00000;
12;28;9;064;99;Gascones                                          ;00001;00000;00000;00000;00000;00000138;00000000;00000000;00000000;00000000;00000;00000;
12;28;9;065;99;Getafe                                            ;00145;00000;00000;00000;00000;00124095;00000000;00000000;00000000;00000000;00000;00000;
12;28;9;066;99;Griñón                                            ;00008;00000;00000;00000;00000;00007219;00000000;00000000;00000000;00000000;00000;00000;
12;28;9;067;99;Guadalix de la Sierra                             ;00005;00000;00000;00000;00000;00004050;00000000;00000000;00000000;00000000;00000;00000;
12;28;9;068;99;Guadarrama                                        ;00015;00000;00000;00000;00000;00010963;00000000;00000000;00000000;00000000;00000;00000;
12;28;9;069;99;La Hiruela                                        ;00001;00000;00000;00000;00000;00000052;00000000;00000000;00000000;00000000;00000;00000;
12;28;9;070;99;Horcajo de la Sierra-Aoslos                       ;00001;00000;00000;00000;00000;00000136;00000000;00000000;00000000;00000000;00000;00000;
12;28;9;071;99;Horcajuelo de la Sierra                           ;00001;00000;00000;00000;00000;00000068;00000000;00000000;00000000;00000000;00000;00000;
12;28;9;072;99;Hoyo de Manzanares                                ;00006;00000;00000;00000;00000;00005532;00000000;00000000;00000000;00000000;00000;00000;
12;28;9;073;99;Humanes de Madrid                                 ;00014;00000;00000;00000;00000;00012675;00000000;00000000;00000000;00000000;00000;00000;
12;28;9;074;99;Leganés                                           ;00166;00000;00000;00000;00000;00138379;00000000;00000000;00000000;00000000;00000;00000;
12;28;9;075;99;Loeches                                           ;00006;00000;00000;00000;00000;00005476;00000000;00000000;00000000;00000000;00000;00000;
12;28;9;076;99;Lozoya                                            ;00001;00000;00000;00000;00000;00000441;00000000;00000000;00000000;00000000;00000;00000;
12;28;9;078;99;Madarcos                                          ;00001;00000;00000;00000;00000;00000036;00000000;00000000;00000000;00000000;00000;00000;
12;28;9;079;01;Centro                                            ;00117;00000;00000;00000;00000;00000000;00000000;00000000;00000000;00000000;00000;00000;
12;28;9;079;02;Arganzuela                                        ;00144;00000;00000;00000;00000;00000000;00000000;00000000;00000000;00000000;00000;00000;
12;28;9;079;03;Retiro                                            ;00116;00000;00000;00000;00000;00000000;00000000;00000000;00000000;00000000;00000;00000;
12;28;9;079;04;Salamanca                                         ;00135;00000;00000;00000;00000;00000000;00000000;00000000;00000000;00000000;00000;00000;
12;28;9;079;05;Chamartín                                         ;00137;00000;00000;00000;00000;00000000;00000000;00000000;00000000;00000000;00000;00000;
12;28;9;079;06;Tetuán                                            ;00135;00000;00000;00000;00000;00000000;00000000;00000000;00000000;00000000;00000;00000;
12;28;9;079;07;Chamberí                                          ;00132;00000;00000;00000;00000;00000000;00000000;00000000;00000000;00000000;00000;00000;
12;28;9;079;08;Fuencarral-Pardo                                  ;00221;00000;00000;00000;00000;00000000;00000000;00000000;00000000;00000000;00000;00000;
12;28;9;079;09;Moncloa-Aravaca                                   ;00104;00000;00000;00000;00000;00000000;00000000;00000000;00000000;00000000;00000;00000;
12;28;9;079;10;Latina                                            ;00224;00000;00000;00000;00000;00000000;00000000;00000000;00000000;00000000;00000;00000;
12;28;9;079;11;Carabanchel                                       ;00213;00000;00000;00000;00000;00000000;00000000;00000000;00000000;00000000;00000;00000;
12;28;9;079;12;Usera                                             ;00109;00000;00000;00000;00000;00000000;00000000;00000000;00000000;00000000;00000;00000;
12;28;9;079;13;Puente-Vallecas                                   ;00209;00000;00000;00000;00000;00000000;00000000;00000000;00000000;00000000;00000;00000;
12;28;9;079;14;Moratalaz                                         ;00097;00000;00000;00000;00000;00000000;00000000;00000000;00000000;00000000;00000;00000;
12;28;9;079;15;Ciudad Lineal                                     ;00196;00000;00000;00000;00000;00000000;00000000;00000000;00000000;00000000;00000;00000;
12;28;9;079;16;Hortaleza                                         ;00157;00000;00000;00000;00000;00000000;00000000;00000000;00000000;00000000;00000;00000;
12;28;9;079;17;Villaverde                                        ;00121;00000;00000;00000;00000;00000000;00000000;00000000;00000000;00000000;00000;00000;
12;28;9;079;18;Villa-Vallecas                                    ;00084;00000;00000;00000;00000;00000000;00000000;00000000;00000000;00000000;00000;00000;
12;28;9;079;19;Vicálvaro                                         ;00059;00000;00000;00000;00000;00000000;00000000;00000000;00000000;00000000;00000;00000;
12;28;9;079;20;San Blas                                          ;00144;00000;00000;00000;00000;00000000;00000000;00000000;00000000;00000000;00000;00000;
12;28;9;079;21;Barajas                                           ;00040;00000;00000;00000;00000;00000000;00000000;00000000;00000000;00000000;00000;00000;
12;28;9;079;99;Madrid                                            ;02894;00000;00000;00000;00000;02351574;00000000;00000000;00000000;00000000;00000;00000;
12;28;9;080;99;Majadahonda                                       ;00059;00000;00000;00000;00000;00047934;00000000;00000000;00000000;00000000;00000;00000;
12;28;9;082;99;Manzanares el Real                                ;00008;00000;00000;00000;00000;00005690;00000000;00000000;00000000;00000000;00000;00000;
12;28;9;083;99;Meco                                              ;00010;00000;00000;00000;00000;00008725;00000000;00000000;00000000;00000000;00000;00000;
12;28;9;084;99;Mejorada del Campo                                ;00021;00000;00000;00000;00000;00015858;00000000;00000000;00000000;00000000;00000;00000;
12;28;9;085;99;Miraflores de la Sierra                           ;00004;00000;00000;00000;00000;00003914;00000000;00000000;00000000;00000000;00000;00000;
12;28;9;086;99;El Molar                                          ;00006;00000;00000;00000;00000;00005087;00000000;00000000;00000000;00000000;00000;00000;
12;28;9;087;99;Los Molinos                                       ;00004;00000;00000;00000;00000;00003209;00000000;00000000;00000000;00000000;00000;00000;
12;28;9;088;99;Montejo de la Sierra                              ;00001;00000;00000;00000;00000;00000260;00000000;00000000;00000000;00000000;00000;00000;
12;28;9;089;99;Moraleja de Enmedio                               ;00005;00000;00000;00000;00000;00003679;00000000;00000000;00000000;00000000;00000;00000;
12;28;9;090;99;Moralzarzal                                       ;00010;00000;00000;00000;00000;00008397;00000000;00000000;00000000;00000000;00000;00000;
12;28;9;091;99;Morata de Tajuña                                  ;00007;00000;00000;00000;00000;00005476;00000000;00000000;00000000;00000000;00000;00000;
12;28;9;092;99;Móstoles                                          ;00182;00000;00000;00000;00000;00153233;00000000;00000000;00000000;00000000;00000;00000;
12;28;9;093;99;Navacerrada                                       ;00002;00000;00000;00000;00000;00002016;00000000;00000000;00000000;00000000;00000;00000;
12;28;9;094;99;Navalafuente                                      ;00001;00000;00000;00000;00000;00000796;00000000;00000000;00000000;00000000;00000;00000;
12;28;9;095;99;Navalagamella                                     ;00002;00000;00000;00000;00000;00001506;00000000;00000000;00000000;00000000;00000;00000;
12;28;9;096;99;Navalcarnero                                      ;00020;00000;00000;00000;00000;00017934;00000000;00000000;00000000;00000000;00000;00000;
12;28;9;097;99;Navarredonda y San Mamés                          ;00001;00000;00000;00000;00000;00000119;00000000;00000000;00000000;00000000;00000;00000;
12;28;9;099;99;Navas del Rey                                     ;00002;00000;00000;00000;00000;00001702;00000000;00000000;00000000;00000000;00000;00000;
12;28;9;100;99;Nuevo Baztán                                      ;00005;00000;00000;00000;00000;00004182;00000000;00000000;00000000;00000000;00000;00000;
12;28;9;101;99;Olmeda de las Fuentes                             ;00001;00000;00000;00000;00000;00000225;00000000;00000000;00000000;00000000;00000;00000;
12;28;9;102;99;Orusco de Tajuña                                  ;00001;00000;00000;00000;00000;00000915;00000000;00000000;00000000;00000000;00000;00000;
12;28;9;104;99;Paracuellos de Jarama                             ;00015;00000;00000;00000;00000;00013671;00000000;00000000;00000000;00000000;00000;00000;
12;28;9;106;99;Parla                                             ;00090;00000;00000;00000;00000;00075675;00000000;00000000;00000000;00000000;00000;00000;
12;28;9;107;99;Patones                                           ;00001;00000;00000;00000;00000;00000433;00000000;00000000;00000000;00000000;00000;00000;
12;28;9;108;99;Pedrezuela                                        ;00004;00000;00000;00000;00000;00003416;00000000;00000000;00000000;00000000;00000;00000;
12;28;9;109;99;Pelayos de la Presa                               ;00002;00000;00000;00000;00000;00001649;00000000;00000000;00000000;00000000;00000;00000;
12;28;9;110;99;Perales de Tajuña                                 ;00003;00000;00000;00000;00000;00002047;00000000;00000000;00000000;00000000;00000;00000;
12;28;9;111;99;Pezuela de las Torres                             ;00001;00000;00000;00000;00000;00000601;00000000;00000000;00000000;00000000;00000;00000;
12;28;9;112;99;Pinilla del Valle                                 ;00001;00000;00000;00000;00000;00000169;00000000;00000000;00000000;00000000;00000;00000;
12;28;9;113;99;Pinto                                             ;00040;00000;00000;00000;00000;00033219;00000000;00000000;00000000;00000000;00000;00000;
12;28;9;114;99;Piñuécar-Gandullas                                ;00001;00000;00000;00000;00000;00000140;00000000;00000000;00000000;00000000;00000;00000;
12;28;9;115;99;Pozuelo de Alarcón                                ;00076;00000;00000;00000;00000;00060092;00000000;00000000;00000000;00000000;00000;00000;
12;28;9;116;99;Pozuelo del Rey                                   ;00001;00000;00000;00000;00000;00000735;00000000;00000000;00000000;00000000;00000;00000;
12;28;9;117;99;Prádena del Rincón                                ;00001;00000;00000;00000;00000;00000104;00000000;00000000;00000000;00000000;00000;00000;
12;28;9;118;99;Puebla de la Sierra                               ;00001;00000;00000;00000;00000;00000066;00000000;00000000;00000000;00000000;00000;00000;
12;28;9;119;99;Quijorna                                          ;00002;00000;00000;00000;00000;00002058;00000000;00000000;00000000;00000000;00000;00000;
12;28;9;120;99;Rascafría                                         ;00002;00000;00000;00000;00000;00001273;00000000;00000000;00000000;00000000;00000;00000;
12;28;9;121;99;Redueña                                           ;00001;00000;00000;00000;00000;00000196;00000000;00000000;00000000;00000000;00000;00000;
12;28;9;122;99;Ribatejada                                        ;00001;00000;00000;00000;00000;00000530;00000000;00000000;00000000;00000000;00000;00000;
12;28;9;123;99;Rivas-Vaciamadrid                                 ;00067;00000;00000;00000;00000;00054914;00000000;00000000;00000000;00000000;00000;00000;
12;28;9;124;99;Robledillo de la Jara                             ;00001;00000;00000;00000;00000;00000081;00000000;00000000;00000000;00000000;00000;00000;
12;28;9;125;99;Robledo de Chavela                                ;00003;00000;00000;00000;00000;00002992;00000000;00000000;00000000;00000000;00000;00000;
12;28;9;126;99;Robregordo                                        ;00001;00000;00000;00000;00000;00000044;00000000;00000000;00000000;00000000;00000;00000;
12;28;9;127;99;Las Rozas de Madrid                               ;00077;00000;00000;00000;00000;00063694;00000000;00000000;00000000;00000000;00000;00000;
12;28;9;128;99;Rozas de Puerto Real                              ;00001;00000;00000;00000;00000;00000413;00000000;00000000;00000000;00000000;00000;00000;
12;28;9;129;99;San Agustín del Guadalix                          ;00009;00000;00000;00000;00000;00007859;00000000;00000000;00000000;00000000;00000;00000;
12;28;9;130;99;San Fernando de Henares                           ;00034;00000;00000;00000;00000;00028230;00000000;00000000;00000000;00000000;00000;00000;
12;28;9;131;99;San Lorenzo de El Escorial                        ;00015;00000;00000;00000;00000;00012999;00000000;00000000;00000000;00000000;00000;00000;
12;28;9;132;99;San Martín de la Vega                             ;00013;00000;00000;00000;00000;00011495;00000000;00000000;00000000;00000000;00000;00000;
12;28;9;133;99;San Martín de Valdeiglesias                       ;00007;00000;00000;00000;00000;00006060;00000000;00000000;00000000;00000000;00000;00000;
12;28;9;134;99;San Sebastián de los Reyes                        ;00071;00000;00000;00000;00000;00059477;00000000;00000000;00000000;00000000;00000;00000;
12;28;9;135;99;Santa María de la Alameda                         ;00001;00000;00000;00000;00000;00000977;00000000;00000000;00000000;00000000;00000;00000;
12;28;9;136;99;Santorcaz                                         ;00001;00000;00000;00000;00000;00000636;00000000;00000000;00000000;00000000;00000;00000;
12;28;9;137;99;Los Santos de la Humosa                           ;00002;00000;00000;00000;00000;00001664;00000000;00000000;00000000;00000000;00000;00000;
12;28;9;138;99;La Serna del Monte                                ;00001;00000;00000;00000;00000;00000078;00000000;00000000;00000000;00000000;00000;00000;
12;28;9;140;99;Serranillos del Valle                             ;00003;00000;00000;00000;00000;00002957;00000000;00000000;00000000;00000000;00000;00000;
12;28;9;141;99;Sevilla la Nueva                                  ;00007;00000;00000;00000;00000;00005901;00000000;00000000;00000000;00000000;00000;00000;
12;28;9;143;99;Somosierra                                        ;00001;00000;00000;00000;00000;00000071;00000000;00000000;00000000;00000000;00000;00000;
12;28;9;144;99;Soto del Real                                     ;00007;00000;00000;00000;00000;00005995;00000000;00000000;00000000;00000000;00000;00000;
12;28;9;145;99;Talamanca de Jarama                               ;00003;00000;00000;00000;00000;00002282;00000000;00000000;00000000;00000000;00000;00000;
12;28;9;146;99;Tielmes                                           ;00002;00000;00000;00000;00000;00001766;00000000;00000000;00000000;00000000;00000;00000;
12;28;9;147;99;Titulcia                                          ;00001;00000;00000;00000;00000;00000945;00000000;00000000;00000000;00000000;00000;00000;
12;28;9;148;99;Torrejón de Ardoz                                 ;00101;00000;00000;00000;00000;00086121;00000000;00000000;00000000;00000000;00000;00000;
12;28;9;149;99;Torrejón de la Calzada                            ;00006;00000;00000;00000;00000;00005514;00000000;00000000;00000000;00000000;00000;00000;
12;28;9;150;99;Torrejón de Velasco                               ;00004;00000;00000;00000;00000;00003034;00000000;00000000;00000000;00000000;00000;00000;
12;28;9;151;99;Torrelaguna                                       ;00003;00000;00000;00000;00000;00003150;00000000;00000000;00000000;00000000;00000;00000;
12;28;9;152;99;Torrelodones                                      ;00019;00000;00000;00000;00000;00015822;00000000;00000000;00000000;00000000;00000;00000;
12;28;9;153;99;Torremocha de Jarama                              ;00001;00000;00000;00000;00000;00000690;00000000;00000000;00000000;00000000;00000;00000;
12;28;9;154;99;Torres de la Alameda                              ;00006;00000;00000;00000;00000;00005389;00000000;00000000;00000000;00000000;00000;00000;
12;28;9;155;99;Valdaracete                                       ;00001;00000;00000;00000;00000;00000522;00000000;00000000;00000000;00000000;00000;00000;
12;28;9;156;99;Valdeavero                                        ;00001;00000;00000;00000;00000;00001054;00000000;00000000;00000000;00000000;00000;00000;
12;28;9;157;99;Valdelaguna                                       ;00001;00000;00000;00000;00000;00000609;00000000;00000000;00000000;00000000;00000;00000;
12;28;9;158;99;Valdemanco                                        ;00001;00000;00000;00000;00000;00000670;00000000;00000000;00000000;00000000;00000;00000;
12;28;9;159;99;Valdemaqueda                                      ;00001;00000;00000;00000;00000;00000586;00000000;00000000;00000000;00000000;00000;00000;
12;28;9;160;99;Valdemorillo                                      ;00009;00000;00000;00000;00000;00008223;00000000;00000000;00000000;00000000;00000;00000;
12;28;9;161;99;Valdemoro                                         ;00059;00000;00000;00000;00000;00047151;00000000;00000000;00000000;00000000;00000;00000;
12;28;9;162;99;Valdeolmos-Alalpardo                              ;00004;00000;00000;00000;00000;00002467;00000000;00000000;00000000;00000000;00000;00000;
12;28;9;163;99;Valdepiélagos                                     ;00001;00000;00000;00000;00000;00000422;00000000;00000000;00000000;00000000;00000;00000;
12;28;9;164;99;Valdetorres de Jarama                             ;00004;00000;00000;00000;00000;00002959;00000000;00000000;00000000;00000000;00000;00000;
12;28;9;165;99;Valdilecha                                        ;00002;00000;00000;00000;00000;00001943;00000000;00000000;00000000;00000000;00000;00000;
12;28;9;166;99;Valverde de Alcalá                                ;00001;00000;00000;00000;00000;00000319;00000000;00000000;00000000;00000000;00000;00000;
12;28;9;167;99;Velilla de San Antonio                            ;00010;00000;00000;00000;00000;00008253;00000000;00000000;00000000;00000000;00000;00000;
12;28;9;168;99;El Vellón                                         ;00001;00000;00000;00000;00000;00001228;00000000;00000000;00000000;00000000;00000;00000;
12;28;9;169;99;Venturada                                         ;00002;00000;00000;00000;00000;00001394;00000000;00000000;00000000;00000000;00000;00000;
12;28;9;170;99;Villaconejos                                      ;00003;00000;00000;00000;00000;00002496;00000000;00000000;00000000;00000000;00000;00000;
12;28;9;171;99;Villa del Prado                                   ;00005;00000;00000;00000;00000;00004259;00000000;00000000;00000000;00000000;00000;00000;
12;28;9;172;99;Villalbilla                                       ;00011;00000;00000;00000;00000;00008654;00000000;00000000;00000000;00000000;00000;00000;
12;28;9;173;99;Villamanrique de Tajo                             ;00001;00000;00000;00000;00000;00000526;00000000;00000000;00000000;00000000;00000;00000;
12;28;9;174;99;Villamanta                                        ;00002;00000;00000;00000;00000;00001784;00000000;00000000;00000000;00000000;00000;00000;
12;28;9;175;99;Villamantilla                                     ;00001;00000;00000;00000;00000;00000805;00000000;00000000;00000000;00000000;00000;00000;
12;28;9;176;99;Villanueva de la Cañada                           ;00015;00000;00000;00000;00000;00011973;00000000;00000000;00000000;00000000;00000;00000;
12;28;9;177;99;Villanueva del Pardillo                           ;00012;00000;00000;00000;00000;00010045;00000000;00000000;00000000;00000000;00000;00000;
12;28;9;178;99;Villanueva de Perales                             ;00001;00000;00000;00000;00000;00001046;00000000;00000000;00000000;00000000;00000;00000;
12;28;9;179;99;Villar del Olmo                                   ;00002;00000;00000;00000;00000;00001466;00000000;00000000;00000000;00000000;00000;00000;
12;28;9;180;99;Villarejo de Salvanés                             ;00007;00000;00000;00000;00000;00005322;00000000;00000000;00000000;00000000;00000;00000;
12;28;9;181;99;Villaviciosa de Odón                              ;00025;00000;00000;00000;00000;00020344;00000000;00000000;00000000;00000000;00000;00000;
12;28;9;182;99;Villavieja del Lozoya                             ;00001;00000;00000;00000;00000;00000208;00000000;00000000;00000000;00000000;00000;00000;
12;28;9;183;99;Zarzalejo                                         ;00002;00000;00000;00000;00000;00001036;00000000;00000000;00000000;00000000;00000;00000;
12;28;9;901;99;Lozoyuela-Navas-Sieteiglesias                     ;00001;00000;00000;00000;00000;00000788;00000000;00000000;00000000;00000000;00000;00000;
12;28;9;902;99;Puentes Viejas                                    ;00001;00000;00000;00000;00000;00000486;00000000;00000000;00000000;00000000;00000;00000;
12;28;9;903;99;Tres Cantos                                       ;00040;00000;00000;00000;00000;00031349;00000000;00000000;00000000;00000000;00000;00000;
