11;36;9;001;99;Arbo                                              ;00007;00000;00000;00000;00000;00002674;00000000;00000000;00000000;00000000;00000;00000;
11;36;9;002;99;Barro                                             ;00006;00000;00000;00000;00000;00003136;00000000;00000000;00000000;00000000;00000;00000;
11;36;9;003;99;Baiona                                            ;00013;00000;00000;00000;00000;00010095;00000000;00000000;00000000;00000000;00000;00000;
11;36;9;004;99;Bueu                                              ;00014;00000;00000;00000;00000;00010295;00000000;00000000;00000000;00000000;00000;00000;
11;36;9;005;99;Caldas de Reis                                    ;00012;00000;00000;00000;00000;00008136;00000000;00000000;00000000;00000000;00000;00000;
11;36;9;006;99;Cambados                                          ;00016;00000;00000;00000;00000;00011326;00000000;00000000;00000000;00000000;00000;00000;
11;36;9;007;99;Campo Lameiro                                     ;00004;00000;00000;00000;00000;00001740;00000000;00000000;00000000;00000000;00000;00000;
11;36;9;008;99;Cangas                                            ;00026;00000;00000;00000;00000;00021796;00000000;00000000;00000000;00000000;00000;00000;
11;36;9;009;99;A Cañiza                                          ;00009;00000;00000;00000;00000;00005050;00000000;00000000;00000000;00000000;00000;00000;
11;36;9;010;99;Catoira                                           ;00005;00000;00000;00000;00000;00002872;00000000;00000000;00000000;00000000;00000;00000;
11;36;9;011;99;Cerdedo                                           ;00004;00000;00000;00000;00000;00001877;00000000;00000000;00000000;00000000;00000;00000;
11;36;9;012;99;Cotobade                                          ;00011;00000;00000;00000;00000;00003800;00000000;00000000;00000000;00000000;00000;00000;
11;36;9;013;99;Covelo                                            ;00009;00000;00000;00000;00000;00002532;00000000;00000000;00000000;00000000;00000;00000;
11;36;9;014;99;Crecente                                          ;00007;00000;00000;00000;00000;00002064;00000000;00000000;00000000;00000000;00000;00000;
11;36;9;015;99;Cuntis                                            ;00009;00000;00000;00000;00000;00004307;00000000;00000000;00000000;00000000;00000;00000;
11;36;9;016;99;Dozón                                             ;00004;00000;00000;00000;00000;00001226;00000000;00000000;00000000;00000000;00000;00000;
11;36;9;017;99;A Estrada                                         ;00040;00000;00000;00000;00000;00018119;00000000;00000000;00000000;00000000;00000;00000;
11;36;9;018;99;Forcarei                                          ;00010;00000;00000;00000;00000;00003331;00000000;00000000;00000000;00000000;00000;00000;
11;36;9;019;99;Fornelos de Montes                                ;00005;00000;00000;00000;00000;00001645;00000000;00000000;00000000;00000000;00000;00000;
11;36;9;020;99;Agolada                                           ;00006;00000;00000;00000;00000;00002415;00000000;00000000;00000000;00000000;00000;00000;
11;36;9;021;99;Gondomar                                          ;00015;00000;00000;00000;00000;00012043;00000000;00000000;00000000;00000000;00000;00000;
11;36;9;022;99;O Grove                                           ;00011;00000;00000;00000;00000;00009072;00000000;00000000;00000000;00000000;00000;00000;
11;36;9;023;99;A Guarda                                          ;00010;00000;00000;00000;00000;00008556;00000000;00000000;00000000;00000000;00000;00000;
11;36;9;024;99;Lalín                                             ;00038;00000;00000;00000;00000;00016651;00000000;00000000;00000000;00000000;00000;00000;
11;36;9;025;99;A Lama                                            ;00008;00000;00000;00000;00000;00002403;00000000;00000000;00000000;00000000;00000;00000;
11;36;9;026;99;Marín                                             ;00026;00000;00000;00000;00000;00020339;00000000;00000000;00000000;00000000;00000;00000;
11;36;9;027;99;Meaño                                             ;00008;00000;00000;00000;00000;00004490;00000000;00000000;00000000;00000000;00000;00000;
11;36;9;028;99;Meis                                              ;00007;00000;00000;00000;00000;00004238;00000000;00000000;00000000;00000000;00000;00000;
11;36;9;029;99;Moaña                                             ;00025;00000;00000;00000;00000;00016206;00000000;00000000;00000000;00000000;00000;00000;
11;36;9;030;99;Mondariz                                          ;00012;00000;00000;00000;00000;00004298;00000000;00000000;00000000;00000000;00000;00000;
11;36;9;031;99;Mondariz-Balneario                                ;00001;00000;00000;00000;00000;00000585;00000000;00000000;00000000;00000000;00000;00000;
11;36;9;032;99;Moraña                                            ;00008;00000;00000;00000;00000;00003668;00000000;00000000;00000000;00000000;00000;00000;
11;36;9;033;99;Mos                                               ;00016;00000;00000;00000;00000;00012419;00000000;00000000;00000000;00000000;00000;00000;
11;36;9;034;99;As Neves                                          ;00010;00000;00000;00000;00000;00003560;00000000;00000000;00000000;00000000;00000;00000;
11;36;9;035;99;Nigrán                                            ;00019;00000;00000;00000;00000;00014538;00000000;00000000;00000000;00000000;00000;00000;
11;36;9;036;99;Oia                                               ;00006;00000;00000;00000;00000;00002558;00000000;00000000;00000000;00000000;00000;00000;
11;36;9;037;99;Pazos de Borbén                                   ;00006;00000;00000;00000;00000;00002626;00000000;00000000;00000000;00000000;00000;00000;
11;36;9;038;99;Pontevedra                                        ;00084;00000;00000;00000;00000;00066489;00000000;00000000;00000000;00000000;00000;00000;
11;36;9;039;99;O Porriño                                         ;00019;00000;00000;00000;00000;00015296;00000000;00000000;00000000;00000000;00000;00000;
11;36;9;040;99;Portas                                            ;00004;00000;00000;00000;00000;00002563;00000000;00000000;00000000;00000000;00000;00000;
11;36;9;041;99;Poio                                              ;00017;00000;00000;00000;00000;00013332;00000000;00000000;00000000;00000000;00000;00000;
11;36;9;042;99;Ponteareas                                        ;00028;00000;00000;00000;00000;00017976;00000000;00000000;00000000;00000000;00000;00000;
11;36;9;043;99;Ponte Caldelas                                    ;00008;00000;00000;00000;00000;00004774;00000000;00000000;00000000;00000000;00000;00000;
11;36;9;044;99;Pontecesures                                      ;00003;00000;00000;00000;00000;00002597;00000000;00000000;00000000;00000000;00000;00000;
11;36;9;045;99;Redondela                                         ;00031;00000;00000;00000;00000;00024847;00000000;00000000;00000000;00000000;00000;00000;
11;36;9;046;99;Ribadumia                                         ;00007;00000;00000;00000;00000;00004066;00000000;00000000;00000000;00000000;00000;00000;
11;36;9;047;99;Rodeiro                                           ;00007;00000;00000;00000;00000;00002556;00000000;00000000;00000000;00000000;00000;00000;
11;36;9;048;99;O Rosal                                           ;00007;00000;00000;00000;00000;00005416;00000000;00000000;00000000;00000000;00000;00000;
11;36;9;049;99;Salceda de Caselas                                ;00010;00000;00000;00000;00000;00006765;00000000;00000000;00000000;00000000;00000;00000;
11;36;9;050;99;Salvaterra de Miño                                ;00016;00000;00000;00000;00000;00007660;00000000;00000000;00000000;00000000;00000;00000;
11;36;9;051;99;Sanxenxo                                          ;00018;00000;00000;00000;00000;00014401;00000000;00000000;00000000;00000000;00000;00000;
11;36;9;052;99;Silleda                                           ;00015;00000;00000;00000;00000;00007393;00000000;00000000;00000000;00000000;00000;00000;
11;36;9;053;99;Soutomaior                                        ;00007;00000;00000;00000;00000;00005750;00000000;00000000;00000000;00000000;00000;00000;
11;36;9;054;99;Tomiño                                            ;00017;00000;00000;00000;00000;00011100;00000000;00000000;00000000;00000000;00000;00000;
11;36;9;055;99;Tui                                               ;00019;00000;00000;00000;00000;00013778;00000000;00000000;00000000;00000000;00000;00000;
11;36;9;056;99;Valga                                             ;00009;00000;00000;00000;00000;00005110;00000000;00000000;00000000;00000000;00000;00000;
11;36;9;057;99;Vigo                                              ;00288;00000;00000;00000;00000;00238179;00000000;00000000;00000000;00000000;00000;00000;
11;36;9;058;99;Vilaboa                                           ;00007;00000;00000;00000;00000;00004936;00000000;00000000;00000000;00000000;00000;00000;
11;36;9;059;99;Vila de Cruces                                    ;00013;00000;00000;00000;00000;00005116;00000000;00000000;00000000;00000000;00000;00000;
11;36;9;060;99;Vilagarcía de Arousa                              ;00041;00000;00000;00000;00000;00030550;00000000;00000000;00000000;00000000;00000;00000;
11;36;9;061;99;Vilanova de Arousa                                ;00013;00000;00000;00000;00000;00008658;00000000;00000000;00000000;00000000;00000;00000;
11;36;9;901;99;A Illa de Arousa                                  ;00006;00000;00000;00000;00000;00004122;00000000;00000000;00000000;00000000;00000;00000;
