17;12;9;001;99;Atzeneta del Maestrat                             ;00001;00000;00000;00000;00000;00001081;00000000;00000000;00000000;00000000;00000;00000;
17;12;9;002;99;Aín                                               ;00001;00000;00000;00000;00000;00000119;00000000;00000000;00000000;00000000;00000;00000;
17;12;9;003;99;Albocàsser                                        ;00001;00000;00000;00000;00000;00001047;00000000;00000000;00000000;00000000;00000;00000;
17;12;9;004;99;Alcalà de Xivert                                  ;00005;00000;00000;00000;00000;00004745;00000000;00000000;00000000;00000000;00000;00000;
17;12;9;005;99;L'Alcora                                          ;00012;00000;00000;00000;00000;00008082;00000000;00000000;00000000;00000000;00000;00000;
17;12;9;006;99;Alcudia de Veo                                    ;00001;00000;00000;00000;00000;00000185;00000000;00000000;00000000;00000000;00000;00000;
17;12;9;007;99;Alfondeguilla                                     ;00001;00000;00000;00000;00000;00000756;00000000;00000000;00000000;00000000;00000;00000;
17;12;9;008;99;Algimia de Almonacid                              ;00001;00000;00000;00000;00000;00000231;00000000;00000000;00000000;00000000;00000;00000;
17;12;9;009;99;Almazora/Almassora                                ;00022;00000;00000;00000;00000;00017478;00000000;00000000;00000000;00000000;00000;00000;
17;12;9;010;99;Almedíjar                                         ;00001;00000;00000;00000;00000;00000247;00000000;00000000;00000000;00000000;00000;00000;
17;12;9;011;99;Almenara                                          ;00006;00000;00000;00000;00000;00004801;00000000;00000000;00000000;00000000;00000;00000;
17;12;9;012;99;Altura                                            ;00004;00000;00000;00000;00000;00002764;00000000;00000000;00000000;00000000;00000;00000;
17;12;9;013;99;Arañuel                                           ;00001;00000;00000;00000;00000;00000160;00000000;00000000;00000000;00000000;00000;00000;
17;12;9;014;99;Ares del Maestrat                                 ;00001;00000;00000;00000;00000;00000191;00000000;00000000;00000000;00000000;00000;00000;
17;12;9;015;99;Argelita                                          ;00001;00000;00000;00000;00000;00000090;00000000;00000000;00000000;00000000;00000;00000;
17;12;9;016;99;Artana                                            ;00002;00000;00000;00000;00000;00001591;00000000;00000000;00000000;00000000;00000;00000;
17;12;9;017;99;Ayódar                                            ;00001;00000;00000;00000;00000;00000177;00000000;00000000;00000000;00000000;00000;00000;
17;12;9;018;99;Azuébar                                           ;00001;00000;00000;00000;00000;00000289;00000000;00000000;00000000;00000000;00000;00000;
17;12;9;020;99;Barracas                                          ;00001;00000;00000;00000;00000;00000128;00000000;00000000;00000000;00000000;00000;00000;
17;12;9;021;99;Betxí                                             ;00006;00000;00000;00000;00000;00004480;00000000;00000000;00000000;00000000;00000;00000;
17;12;9;022;99;Bejís                                             ;00001;00000;00000;00000;00000;00000358;00000000;00000000;00000000;00000000;00000;00000;
17;12;9;024;99;Benafer                                           ;00001;00000;00000;00000;00000;00000143;00000000;00000000;00000000;00000000;00000;00000;
17;12;9;025;99;Benafigos                                         ;00001;00000;00000;00000;00000;00000142;00000000;00000000;00000000;00000000;00000;00000;
17;12;9;026;99;Benasal                                           ;00001;00000;00000;00000;00000;00000907;00000000;00000000;00000000;00000000;00000;00000;
17;12;9;027;99;Benicarló                                         ;00022;00000;00000;00000;00000;00017317;00000000;00000000;00000000;00000000;00000;00000;
17;12;9;028;99;Benicasim/Benicàssim                              ;00014;00000;00000;00000;00000;00012636;00000000;00000000;00000000;00000000;00000;00000;
17;12;9;029;99;Benlloch                                          ;00001;00000;00000;00000;00000;00000780;00000000;00000000;00000000;00000000;00000;00000;
17;12;9;031;99;Borriol                                           ;00005;00000;00000;00000;00000;00003905;00000000;00000000;00000000;00000000;00000;00000;
17;12;9;032;99;Borriana/Burriana                                 ;00031;00000;00000;00000;00000;00023681;00000000;00000000;00000000;00000000;00000;00000;
17;12;9;033;99;Cabanes                                           ;00003;00000;00000;00000;00000;00002035;00000000;00000000;00000000;00000000;00000;00000;
17;12;9;034;99;Càlig                                             ;00002;00000;00000;00000;00000;00001485;00000000;00000000;00000000;00000000;00000;00000;
17;12;9;036;99;Canet lo Roig                                     ;00001;00000;00000;00000;00000;00000628;00000000;00000000;00000000;00000000;00000;00000;
17;12;9;037;99;Castell de Cabres                                 ;00001;00000;00000;00000;00000;00000015;00000000;00000000;00000000;00000000;00000;00000;
17;12;9;038;99;Castellfort                                       ;00001;00000;00000;00000;00000;00000185;00000000;00000000;00000000;00000000;00000;00000;
17;12;9;039;99;Castellnovo                                       ;00001;00000;00000;00000;00000;00000829;00000000;00000000;00000000;00000000;00000;00000;
17;12;9;040;99;Castellón de la Plana/Castelló de la Plana        ;00144;00000;00000;00000;00000;00120203;00000000;00000000;00000000;00000000;00000;00000;
17;12;9;041;99;Castillo de Villamalefa                           ;00001;00000;00000;00000;00000;00000102;00000000;00000000;00000000;00000000;00000;00000;
17;12;9;042;99;Catí                                              ;00001;00000;00000;00000;00000;00000627;00000000;00000000;00000000;00000000;00000;00000;
17;12;9;043;99;Caudiel                                           ;00001;00000;00000;00000;00000;00000598;00000000;00000000;00000000;00000000;00000;00000;
17;12;9;044;99;Cervera del Maestre                               ;00001;00000;00000;00000;00000;00000530;00000000;00000000;00000000;00000000;00000;00000;
17;12;9;045;99;Cinctorres                                        ;00001;00000;00000;00000;00000;00000371;00000000;00000000;00000000;00000000;00000;00000;
17;12;9;046;99;Cirat                                             ;00001;00000;00000;00000;00000;00000199;00000000;00000000;00000000;00000000;00000;00000;
17;12;9;048;99;Cortes de Arenoso                                 ;00001;00000;00000;00000;00000;00000266;00000000;00000000;00000000;00000000;00000;00000;
17;12;9;049;99;Costur                                            ;00001;00000;00000;00000;00000;00000454;00000000;00000000;00000000;00000000;00000;00000;
17;12;9;050;99;Les Coves de Vinromà                              ;00002;00000;00000;00000;00000;00001427;00000000;00000000;00000000;00000000;00000;00000;
17;12;9;051;99;Culla                                             ;00001;00000;00000;00000;00000;00000501;00000000;00000000;00000000;00000000;00000;00000;
17;12;9;052;99;Chert/Xert                                        ;00001;00000;00000;00000;00000;00000625;00000000;00000000;00000000;00000000;00000;00000;
17;12;9;053;99;Chilches/Xilxes                                   ;00003;00000;00000;00000;00000;00002182;00000000;00000000;00000000;00000000;00000;00000;
17;12;9;055;99;Chodos/Xodos                                      ;00001;00000;00000;00000;00000;00000111;00000000;00000000;00000000;00000000;00000;00000;
17;12;9;056;99;Chóvar                                            ;00001;00000;00000;00000;00000;00000303;00000000;00000000;00000000;00000000;00000;00000;
17;12;9;057;99;Eslida                                            ;00001;00000;00000;00000;00000;00000636;00000000;00000000;00000000;00000000;00000;00000;
17;12;9;058;99;Espadilla                                         ;00001;00000;00000;00000;00000;00000085;00000000;00000000;00000000;00000000;00000;00000;
17;12;9;059;99;Fanzara                                           ;00001;00000;00000;00000;00000;00000262;00000000;00000000;00000000;00000000;00000;00000;
17;12;9;060;99;Figueroles                                        ;00001;00000;00000;00000;00000;00000454;00000000;00000000;00000000;00000000;00000;00000;
17;12;9;061;99;Forcall                                           ;00001;00000;00000;00000;00000;00000401;00000000;00000000;00000000;00000000;00000;00000;
17;12;9;063;99;Fuente la Reina                                   ;00001;00000;00000;00000;00000;00000048;00000000;00000000;00000000;00000000;00000;00000;
17;12;9;064;99;Fuentes de Ayódar                                 ;00001;00000;00000;00000;00000;00000110;00000000;00000000;00000000;00000000;00000;00000;
17;12;9;065;99;Gaibiel                                           ;00001;00000;00000;00000;00000;00000182;00000000;00000000;00000000;00000000;00000;00000;
17;12;9;067;99;Geldo                                             ;00001;00000;00000;00000;00000;00000549;00000000;00000000;00000000;00000000;00000;00000;
17;12;9;068;99;Herbés                                            ;00001;00000;00000;00000;00000;00000052;00000000;00000000;00000000;00000000;00000;00000;
17;12;9;069;99;Higueras                                          ;00001;00000;00000;00000;00000;00000062;00000000;00000000;00000000;00000000;00000;00000;
17;12;9;070;99;La Jana                                           ;00001;00000;00000;00000;00000;00000554;00000000;00000000;00000000;00000000;00000;00000;
17;12;9;071;99;Jérica                                            ;00002;00000;00000;00000;00000;00001342;00000000;00000000;00000000;00000000;00000;00000;
17;12;9;072;99;Lucena del Cid                                    ;00001;00000;00000;00000;00000;00001178;00000000;00000000;00000000;00000000;00000;00000;
17;12;9;073;99;Ludiente                                          ;00001;00000;00000;00000;00000;00000156;00000000;00000000;00000000;00000000;00000;00000;
17;12;9;074;99;La Llosa                                          ;00001;00000;00000;00000;00000;00000805;00000000;00000000;00000000;00000000;00000;00000;
17;12;9;075;99;La Mata de Morella                                ;00001;00000;00000;00000;00000;00000132;00000000;00000000;00000000;00000000;00000;00000;
17;12;9;076;99;Matet                                             ;00001;00000;00000;00000;00000;00000090;00000000;00000000;00000000;00000000;00000;00000;
17;12;9;077;99;Moncofa                                           ;00006;00000;00000;00000;00000;00004728;00000000;00000000;00000000;00000000;00000;00000;
17;12;9;078;99;Montán                                            ;00001;00000;00000;00000;00000;00000354;00000000;00000000;00000000;00000000;00000;00000;
17;12;9;079;99;Montanejos                                        ;00001;00000;00000;00000;00000;00000445;00000000;00000000;00000000;00000000;00000;00000;
17;12;9;080;99;Morella                                           ;00003;00000;00000;00000;00000;00002103;00000000;00000000;00000000;00000000;00000;00000;
17;12;9;081;99;Navajas                                           ;00001;00000;00000;00000;00000;00000635;00000000;00000000;00000000;00000000;00000;00000;
17;12;9;082;99;Nules                                             ;00013;00000;00000;00000;00000;00009750;00000000;00000000;00000000;00000000;00000;00000;
17;12;9;083;99;Olocau del Rey                                    ;00001;00000;00000;00000;00000;00000096;00000000;00000000;00000000;00000000;00000;00000;
17;12;9;084;99;Onda                                              ;00022;00000;00000;00000;00000;00018134;00000000;00000000;00000000;00000000;00000;00000;
17;12;9;085;99;Oropesa del Mar/Orpesa                            ;00006;00000;00000;00000;00000;00005542;00000000;00000000;00000000;00000000;00000;00000;
17;12;9;087;99;Palanques                                         ;00001;00000;00000;00000;00000;00000024;00000000;00000000;00000000;00000000;00000;00000;
17;12;9;088;99;Pavías                                            ;00001;00000;00000;00000;00000;00000049;00000000;00000000;00000000;00000000;00000;00000;
17;12;9;089;99;Peníscola/Peñíscola                               ;00006;00000;00000;00000;00000;00004817;00000000;00000000;00000000;00000000;00000;00000;
17;12;9;090;99;Pina de Montalgrao                                ;00001;00000;00000;00000;00000;00000117;00000000;00000000;00000000;00000000;00000;00000;
17;12;9;091;99;Portell de Morella                                ;00001;00000;00000;00000;00000;00000194;00000000;00000000;00000000;00000000;00000;00000;
17;12;9;092;99;Puebla de Arenoso                                 ;00001;00000;00000;00000;00000;00000125;00000000;00000000;00000000;00000000;00000;00000;
17;12;9;093;99;La Pobla de Benifassà                             ;00001;00000;00000;00000;00000;00000193;00000000;00000000;00000000;00000000;00000;00000;
17;12;9;094;99;La Pobla Tornesa                                  ;00001;00000;00000;00000;00000;00000845;00000000;00000000;00000000;00000000;00000;00000;
17;12;9;095;99;Ribesalbes                                        ;00001;00000;00000;00000;00000;00001003;00000000;00000000;00000000;00000000;00000;00000;
17;12;9;096;99;Rossell                                           ;00001;00000;00000;00000;00000;00000838;00000000;00000000;00000000;00000000;00000;00000;
17;12;9;097;99;Sacañet                                           ;00001;00000;00000;00000;00000;00000074;00000000;00000000;00000000;00000000;00000;00000;
17;12;9;098;99;La Salzadella                                     ;00001;00000;00000;00000;00000;00000639;00000000;00000000;00000000;00000000;00000;00000;
17;12;9;099;99;Sant Jordi/San Jorge                              ;00001;00000;00000;00000;00000;00000757;00000000;00000000;00000000;00000000;00000;00000;
17;12;9;100;99;Sant Mateu                                        ;00002;00000;00000;00000;00000;00001406;00000000;00000000;00000000;00000000;00000;00000;
17;12;9;101;99;San Rafael del Río                                ;00001;00000;00000;00000;00000;00000384;00000000;00000000;00000000;00000000;00000;00000;
17;12;9;102;99;Santa Magdalena de Pulpis                         ;00001;00000;00000;00000;00000;00000566;00000000;00000000;00000000;00000000;00000;00000;
17;12;9;103;99;La Serratella                                     ;00001;00000;00000;00000;00000;00000088;00000000;00000000;00000000;00000000;00000;00000;
17;12;9;104;99;Segorbe                                           ;00009;00000;00000;00000;00000;00007112;00000000;00000000;00000000;00000000;00000;00000;
17;12;9;105;99;Sierra Engarcerán                                 ;00003;00000;00000;00000;00000;00000870;00000000;00000000;00000000;00000000;00000;00000;
17;12;9;106;99;Soneja                                            ;00001;00000;00000;00000;00000;00001183;00000000;00000000;00000000;00000000;00000;00000;
17;12;9;107;99;Sot de Ferrer                                     ;00001;00000;00000;00000;00000;00000363;00000000;00000000;00000000;00000000;00000;00000;
17;12;9;108;99;Sueras/Suera                                      ;00001;00000;00000;00000;00000;00000484;00000000;00000000;00000000;00000000;00000;00000;
17;12;9;109;99;Tales                                             ;00001;00000;00000;00000;00000;00000695;00000000;00000000;00000000;00000000;00000;00000;
17;12;9;110;99;Teresa                                            ;00001;00000;00000;00000;00000;00000255;00000000;00000000;00000000;00000000;00000;00000;
17;12;9;111;99;Tírig                                             ;00001;00000;00000;00000;00000;00000410;00000000;00000000;00000000;00000000;00000;00000;
17;12;9;112;99;Todolella                                         ;00001;00000;00000;00000;00000;00000110;00000000;00000000;00000000;00000000;00000;00000;
17;12;9;113;99;Toga                                              ;00001;00000;00000;00000;00000;00000093;00000000;00000000;00000000;00000000;00000;00000;
17;12;9;114;99;Torás                                             ;00001;00000;00000;00000;00000;00000214;00000000;00000000;00000000;00000000;00000;00000;
17;12;9;115;99;El Toro                                           ;00001;00000;00000;00000;00000;00000220;00000000;00000000;00000000;00000000;00000;00000;
17;12;9;116;99;Torralba del Pinar                                ;00001;00000;00000;00000;00000;00000046;00000000;00000000;00000000;00000000;00000;00000;
17;12;9;117;99;Torreblanca                                       ;00005;00000;00000;00000;00000;00003899;00000000;00000000;00000000;00000000;00000;00000;
17;12;9;118;99;Torrechiva                                        ;00001;00000;00000;00000;00000;00000073;00000000;00000000;00000000;00000000;00000;00000;
17;12;9;119;99;La Torre d'en Besora                              ;00001;00000;00000;00000;00000;00000152;00000000;00000000;00000000;00000000;00000;00000;
17;12;9;120;99;La Torre d'en Doménec                             ;00001;00000;00000;00000;00000;00000191;00000000;00000000;00000000;00000000;00000;00000;
17;12;9;121;99;Traiguera                                         ;00002;00000;00000;00000;00000;00001186;00000000;00000000;00000000;00000000;00000;00000;
17;12;9;122;99;Useras/Les Useres                                 ;00002;00000;00000;00000;00000;00000822;00000000;00000000;00000000;00000000;00000;00000;
17;12;9;123;99;Vallat                                            ;00001;00000;00000;00000;00000;00000048;00000000;00000000;00000000;00000000;00000;00000;
17;12;9;124;99;Vall d'Alba                                       ;00003;00000;00000;00000;00000;00002111;00000000;00000000;00000000;00000000;00000;00000;
17;12;9;125;99;Vall de Almonacid                                 ;00001;00000;00000;00000;00000;00000218;00000000;00000000;00000000;00000000;00000;00000;
17;12;9;126;99;La Vall d'Uixó                                    ;00031;00000;00000;00000;00000;00024570;00000000;00000000;00000000;00000000;00000;00000;
17;12;9;127;99;Vallibona                                         ;00001;00000;00000;00000;00000;00000079;00000000;00000000;00000000;00000000;00000;00000;
17;12;9;128;99;Vilafamés                                         ;00002;00000;00000;00000;00000;00001495;00000000;00000000;00000000;00000000;00000;00000;
17;12;9;129;99;Villafranca del Cid/Vilafranca                    ;00002;00000;00000;00000;00000;00001887;00000000;00000000;00000000;00000000;00000;00000;
17;12;9;130;99;Villahermosa del Río                              ;00001;00000;00000;00000;00000;00000421;00000000;00000000;00000000;00000000;00000;00000;
17;12;9;131;99;Villamalur                                        ;00001;00000;00000;00000;00000;00000070;00000000;00000000;00000000;00000000;00000;00000;
17;12;9;132;99;Vilanova d'Alcolea                                ;00001;00000;00000;00000;00000;00000496;00000000;00000000;00000000;00000000;00000;00000;
17;12;9;133;99;Villanueva de Viver                               ;00001;00000;00000;00000;00000;00000065;00000000;00000000;00000000;00000000;00000;00000;
17;12;9;134;99;Vilar de Canes                                    ;00001;00000;00000;00000;00000;00000142;00000000;00000000;00000000;00000000;00000;00000;
17;12;9;135;99;Vila-real                                         ;00045;00000;00000;00000;00000;00036155;00000000;00000000;00000000;00000000;00000;00000;
17;12;9;136;99;La Vilavella                                      ;00003;00000;00000;00000;00000;00002665;00000000;00000000;00000000;00000000;00000;00000;
17;12;9;137;99;Villores                                          ;00001;00000;00000;00000;00000;00000040;00000000;00000000;00000000;00000000;00000;00000;
17;12;9;138;99;Vinaròs                                           ;00024;00000;00000;00000;00000;00019315;00000000;00000000;00000000;00000000;00000;00000;
17;12;9;139;99;Vistabella del Maestrazgo                         ;00001;00000;00000;00000;00000;00000330;00000000;00000000;00000000;00000000;00000;00000;
17;12;9;140;99;Viver                                             ;00002;00000;00000;00000;00000;00001256;00000000;00000000;00000000;00000000;00000;00000;
17;12;9;141;99;Zorita del Maestrazgo                             ;00001;00000;00000;00000;00000;00000105;00000000;00000000;00000000;00000000;00000;00000;
17;12;9;142;99;Zucaina                                           ;00001;00000;00000;00000;00000;00000161;00000000;00000000;00000000;00000000;00000;00000;
17;12;9;901;99;Alquerías del Niño Perdido                        ;00005;00000;00000;00000;00000;00003447;00000000;00000000;00000000;00000000;00000;00000;
17;12;9;902;99;Sant Joan de Moró                                 ;00002;00000;00000;00000;00000;00002158;00000000;00000000;00000000;00000000;00000;00000;
