11;15;9;001;99;Abegondo                                          ;00009;00000;00000;00000;00000;00004839;00000000;00000000;00000000;00000000;00000;00000;
11;15;9;002;99;Ames                                              ;00033;00000;00000;00000;00000;00022570;00000000;00000000;00000000;00000000;00000;00000;
11;15;9;003;99;Aranga                                            ;00006;00000;00000;00000;00000;00001870;00000000;00000000;00000000;00000000;00000;00000;
11;15;9;004;99;Ares                                              ;00007;00000;00000;00000;00000;00004918;00000000;00000000;00000000;00000000;00000;00000;
11;15;9;005;99;Arteixo                                           ;00032;00000;00000;00000;00000;00024251;00000000;00000000;00000000;00000000;00000;00000;
11;15;9;006;99;Arzúa                                             ;00008;00000;00000;00000;00000;00005451;00000000;00000000;00000000;00000000;00000;00000;
11;15;9;007;99;A Baña                                            ;00009;00000;00000;00000;00000;00003406;00000000;00000000;00000000;00000000;00000;00000;
11;15;9;008;99;Bergondo                                          ;00010;00000;00000;00000;00000;00005684;00000000;00000000;00000000;00000000;00000;00000;
11;15;9;009;99;Betanzos                                          ;00017;00000;00000;00000;00000;00010952;00000000;00000000;00000000;00000000;00000;00000;
11;15;9;010;99;Boimorto                                          ;00004;00000;00000;00000;00000;00001966;00000000;00000000;00000000;00000000;00000;00000;
11;15;9;011;99;Boiro                                             ;00022;00000;00000;00000;00000;00015472;00000000;00000000;00000000;00000000;00000;00000;
11;15;9;012;99;Boqueixón                                         ;00011;00000;00000;00000;00000;00003691;00000000;00000000;00000000;00000000;00000;00000;
11;15;9;013;99;Brión                                             ;00011;00000;00000;00000;00000;00006116;00000000;00000000;00000000;00000000;00000;00000;
11;15;9;014;99;Cabana de Bergantiños                             ;00010;00000;00000;00000;00000;00004139;00000000;00000000;00000000;00000000;00000;00000;
11;15;9;015;99;Cabanas                                           ;00004;00000;00000;00000;00000;00002833;00000000;00000000;00000000;00000000;00000;00000;
11;15;9;016;99;Camariñas                                         ;00007;00000;00000;00000;00000;00004947;00000000;00000000;00000000;00000000;00000;00000;
11;15;9;017;99;Cambre                                            ;00026;00000;00000;00000;00000;00019257;00000000;00000000;00000000;00000000;00000;00000;
11;15;9;018;99;A Capela                                          ;00002;00000;00000;00000;00000;00001189;00000000;00000000;00000000;00000000;00000;00000;
11;15;9;019;99;Carballo                                          ;00037;00000;00000;00000;00000;00026036;00000000;00000000;00000000;00000000;00000;00000;
11;15;9;020;99;Carnota                                           ;00006;00000;00000;00000;00000;00003974;00000000;00000000;00000000;00000000;00000;00000;
11;15;9;021;99;Carral                                            ;00009;00000;00000;00000;00000;00005081;00000000;00000000;00000000;00000000;00000;00000;
11;15;9;022;99;Cedeira                                           ;00011;00000;00000;00000;00000;00005931;00000000;00000000;00000000;00000000;00000;00000;
11;15;9;023;99;Cee                                               ;00010;00000;00000;00000;00000;00006561;00000000;00000000;00000000;00000000;00000;00000;
11;15;9;024;99;Cerceda                                           ;00008;00000;00000;00000;00000;00004513;00000000;00000000;00000000;00000000;00000;00000;
11;15;9;025;99;Cerdido                                           ;00003;00000;00000;00000;00000;00001116;00000000;00000000;00000000;00000000;00000;00000;
11;15;9;027;99;Coirós                                            ;00003;00000;00000;00000;00000;00001537;00000000;00000000;00000000;00000000;00000;00000;
11;15;9;028;99;Corcubión                                         ;00002;00000;00000;00000;00000;00001482;00000000;00000000;00000000;00000000;00000;00000;
11;15;9;029;99;Coristanco                                        ;00011;00000;00000;00000;00000;00005959;00000000;00000000;00000000;00000000;00000;00000;
11;15;9;030;99;A Coruña                                          ;00256;00000;00000;00000;00000;00200842;00000000;00000000;00000000;00000000;00000;00000;
11;15;9;031;99;Culleredo                                         ;00034;00000;00000;00000;00000;00023150;00000000;00000000;00000000;00000000;00000;00000;
11;15;9;032;99;Curtis                                            ;00005;00000;00000;00000;00000;00003514;00000000;00000000;00000000;00000000;00000;00000;
11;15;9;033;99;Dodro                                             ;00005;00000;00000;00000;00000;00002535;00000000;00000000;00000000;00000000;00000;00000;
11;15;9;034;99;Dumbría                                           ;00006;00000;00000;00000;00000;00002955;00000000;00000000;00000000;00000000;00000;00000;
11;15;9;035;99;Fene                                              ;00018;00000;00000;00000;00000;00011677;00000000;00000000;00000000;00000000;00000;00000;
11;15;9;036;99;Ferrol                                            ;00077;00000;00000;00000;00000;00059475;00000000;00000000;00000000;00000000;00000;00000;
11;15;9;037;99;Fisterra                                          ;00006;00000;00000;00000;00000;00004126;00000000;00000000;00000000;00000000;00000;00000;
11;15;9;038;99;Frades                                            ;00005;00000;00000;00000;00000;00002273;00000000;00000000;00000000;00000000;00000;00000;
11;15;9;039;99;Irixoa                                            ;00004;00000;00000;00000;00000;00001317;00000000;00000000;00000000;00000000;00000;00000;
11;15;9;040;99;Laxe                                              ;00006;00000;00000;00000;00000;00002804;00000000;00000000;00000000;00000000;00000;00000;
11;15;9;041;99;A Laracha                                         ;00015;00000;00000;00000;00000;00009727;00000000;00000000;00000000;00000000;00000;00000;
11;15;9;042;99;Lousame                                           ;00007;00000;00000;00000;00000;00003137;00000000;00000000;00000000;00000000;00000;00000;
11;15;9;043;99;Malpica de Bergantiños                            ;00011;00000;00000;00000;00000;00005261;00000000;00000000;00000000;00000000;00000;00000;
11;15;9;044;99;Mañón                                             ;00003;00000;00000;00000;00000;00001337;00000000;00000000;00000000;00000000;00000;00000;
11;15;9;045;99;Mazaricos                                         ;00007;00000;00000;00000;00000;00003942;00000000;00000000;00000000;00000000;00000;00000;
11;15;9;046;99;Melide                                            ;00012;00000;00000;00000;00000;00006401;00000000;00000000;00000000;00000000;00000;00000;
11;15;9;047;99;Mesía                                             ;00007;00000;00000;00000;00000;00002520;00000000;00000000;00000000;00000000;00000;00000;
11;15;9;048;99;Miño                                              ;00008;00000;00000;00000;00000;00004857;00000000;00000000;00000000;00000000;00000;00000;
11;15;9;049;99;Moeche                                            ;00004;00000;00000;00000;00000;00001146;00000000;00000000;00000000;00000000;00000;00000;
11;15;9;050;99;Monfero                                           ;00005;00000;00000;00000;00000;00001907;00000000;00000000;00000000;00000000;00000;00000;
11;15;9;051;99;Mugardos                                          ;00007;00000;00000;00000;00000;00004720;00000000;00000000;00000000;00000000;00000;00000;
11;15;9;052;99;Muxía                                             ;00010;00000;00000;00000;00000;00004413;00000000;00000000;00000000;00000000;00000;00000;
11;15;9;053;99;Muros                                             ;00015;00000;00000;00000;00000;00007932;00000000;00000000;00000000;00000000;00000;00000;
11;15;9;054;99;Narón                                             ;00040;00000;00000;00000;00000;00032322;00000000;00000000;00000000;00000000;00000;00000;
11;15;9;055;99;Neda                                              ;00009;00000;00000;00000;00000;00004682;00000000;00000000;00000000;00000000;00000;00000;
11;15;9;056;99;Negreira                                          ;00014;00000;00000;00000;00000;00005806;00000000;00000000;00000000;00000000;00000;00000;
11;15;9;057;99;Noia                                              ;00017;00000;00000;00000;00000;00012349;00000000;00000000;00000000;00000000;00000;00000;
11;15;9;058;99;Oleiros                                           ;00031;00000;00000;00000;00000;00027458;00000000;00000000;00000000;00000000;00000;00000;
11;15;9;059;99;Ordes                                             ;00019;00000;00000;00000;00000;00010530;00000000;00000000;00000000;00000000;00000;00000;
11;15;9;060;99;Oroso                                             ;00008;00000;00000;00000;00000;00005781;00000000;00000000;00000000;00000000;00000;00000;
11;15;9;061;99;Ortigueira                                        ;00015;00000;00000;00000;00000;00005782;00000000;00000000;00000000;00000000;00000;00000;
11;15;9;062;99;Outes                                             ;00012;00000;00000;00000;00000;00006066;00000000;00000000;00000000;00000000;00000;00000;
11;15;9;064;99;Paderne                                           ;00006;00000;00000;00000;00000;00002280;00000000;00000000;00000000;00000000;00000;00000;
11;15;9;065;99;Padrón                                            ;00011;00000;00000;00000;00000;00007429;00000000;00000000;00000000;00000000;00000;00000;
11;15;9;066;99;O Pino                                            ;00008;00000;00000;00000;00000;00004072;00000000;00000000;00000000;00000000;00000;00000;
11;15;9;067;99;A Pobra do Caramiñal                              ;00012;00000;00000;00000;00000;00008166;00000000;00000000;00000000;00000000;00000;00000;
11;15;9;068;99;Ponteceso                                         ;00011;00000;00000;00000;00000;00005217;00000000;00000000;00000000;00000000;00000;00000;
11;15;9;069;99;Pontedeume                                        ;00012;00000;00000;00000;00000;00006940;00000000;00000000;00000000;00000000;00000;00000;
11;15;9;070;99;As Pontes de García Rodríguez                     ;00014;00000;00000;00000;00000;00009310;00000000;00000000;00000000;00000000;00000;00000;
11;15;9;071;99;Porto do Son                                      ;00012;00000;00000;00000;00000;00008100;00000000;00000000;00000000;00000000;00000;00000;
11;15;9;072;99;Rianxo                                            ;00014;00000;00000;00000;00000;00009743;00000000;00000000;00000000;00000000;00000;00000;
11;15;9;073;99;Ribeira                                           ;00028;00000;00000;00000;00000;00022012;00000000;00000000;00000000;00000000;00000;00000;
11;15;9;074;99;Rois                                              ;00008;00000;00000;00000;00000;00004148;00000000;00000000;00000000;00000000;00000;00000;
11;15;9;075;99;Sada                                              ;00016;00000;00000;00000;00000;00012320;00000000;00000000;00000000;00000000;00000;00000;
11;15;9;076;99;San Sadurniño                                     ;00007;00000;00000;00000;00000;00002685;00000000;00000000;00000000;00000000;00000;00000;
11;15;9;077;99;Santa Comba                                       ;00019;00000;00000;00000;00000;00008421;00000000;00000000;00000000;00000000;00000;00000;
11;15;9;078;99;Santiago de Compostela                            ;00098;00000;00000;00000;00000;00078503;00000000;00000000;00000000;00000000;00000;00000;
11;15;9;079;99;Santiso                                           ;00003;00000;00000;00000;00000;00001611;00000000;00000000;00000000;00000000;00000;00000;
11;15;9;080;99;Sobrado                                           ;00006;00000;00000;00000;00000;00001813;00000000;00000000;00000000;00000000;00000;00000;
11;15;9;081;99;As Somozas                                        ;00003;00000;00000;00000;00000;00001079;00000000;00000000;00000000;00000000;00000;00000;
11;15;9;082;99;Teo                                               ;00019;00000;00000;00000;00000;00015211;00000000;00000000;00000000;00000000;00000;00000;
11;15;9;083;99;Toques                                            ;00003;00000;00000;00000;00000;00001124;00000000;00000000;00000000;00000000;00000;00000;
11;15;9;084;99;Tordoia                                           ;00008;00000;00000;00000;00000;00003419;00000000;00000000;00000000;00000000;00000;00000;
11;15;9;085;99;Touro                                             ;00008;00000;00000;00000;00000;00003439;00000000;00000000;00000000;00000000;00000;00000;
11;15;9;086;99;Trazo                                             ;00005;00000;00000;00000;00000;00002978;00000000;00000000;00000000;00000000;00000;00000;
11;15;9;087;99;Valdoviño                                         ;00009;00000;00000;00000;00000;00005917;00000000;00000000;00000000;00000000;00000;00000;
11;15;9;088;99;Val do Dubra                                      ;00007;00000;00000;00000;00000;00003634;00000000;00000000;00000000;00000000;00000;00000;
11;15;9;089;99;Vedra                                             ;00009;00000;00000;00000;00000;00004353;00000000;00000000;00000000;00000000;00000;00000;
11;15;9;090;99;Vilasantar                                        ;00002;00000;00000;00000;00000;00001211;00000000;00000000;00000000;00000000;00000;00000;
11;15;9;091;99;Vilarmaior                                        ;00004;00000;00000;00000;00000;00001122;00000000;00000000;00000000;00000000;00000;00000;
11;15;9;092;99;Vimianzo                                          ;00013;00000;00000;00000;00000;00006658;00000000;00000000;00000000;00000000;00000;00000;
11;15;9;093;99;Zas                                               ;00008;00000;00000;00000;00000;00004401;00000000;00000000;00000000;00000000;00000;00000;
11;15;9;901;99;Cariño                                            ;00006;00000;00000;00000;00000;00003702;00000000;00000000;00000000;00000000;00000;00000;
11;15;9;902;99;Oza-Cesuras                                       ;00012;00000;00000;00000;00000;00004731;00000000;00000000;00000000;00000000;00000;00000;
