16;26;9;001;99;Ábalos                                            ;00001;00000;00000;00000;00000;00000200;00000000;00000000;00000000;00000000;00000;00000;
16;26;9;002;99;Agoncillo                                         ;00001;00000;00000;00000;00000;00000883;00000000;00000000;00000000;00000000;00000;00000;
16;26;9;003;99;Aguilar del Río Alhama                            ;00001;00000;00000;00000;00000;00000422;00000000;00000000;00000000;00000000;00000;00000;
16;26;9;004;99;Ajamil de Cameros                                 ;00001;00000;00000;00000;00000;00000072;00000000;00000000;00000000;00000000;00000;00000;
16;26;9;005;99;Albelda de Iregua                                 ;00003;00000;00000;00000;00000;00002399;00000000;00000000;00000000;00000000;00000;00000;
16;26;9;006;99;Alberite                                          ;00002;00000;00000;00000;00000;00001823;00000000;00000000;00000000;00000000;00000;00000;
16;26;9;007;99;Alcanadre                                         ;00001;00000;00000;00000;00000;00000539;00000000;00000000;00000000;00000000;00000;00000;
16;26;9;008;99;Aldeanueva de Ebro                                ;00002;00000;00000;00000;00000;00001890;00000000;00000000;00000000;00000000;00000;00000;
16;26;9;009;99;Alesanco                                          ;00001;00000;00000;00000;00000;00000424;00000000;00000000;00000000;00000000;00000;00000;
16;26;9;010;99;Alesón                                            ;00001;00000;00000;00000;00000;00000099;00000000;00000000;00000000;00000000;00000;00000;
16;26;9;011;99;Alfaro                                            ;00009;00000;00000;00000;00000;00007407;00000000;00000000;00000000;00000000;00000;00000;
16;26;9;012;99;Almarza de Cameros                                ;00001;00000;00000;00000;00000;00000021;00000000;00000000;00000000;00000000;00000;00000;
16;26;9;013;99;Anguciana                                         ;00001;00000;00000;00000;00000;00000344;00000000;00000000;00000000;00000000;00000;00000;
16;26;9;014;99;Anguiano                                          ;00001;00000;00000;00000;00000;00000482;00000000;00000000;00000000;00000000;00000;00000;
16;26;9;015;99;Arenzana de Abajo                                 ;00001;00000;00000;00000;00000;00000199;00000000;00000000;00000000;00000000;00000;00000;
16;26;9;016;99;Arenzana de Arriba                                ;00001;00000;00000;00000;00000;00000031;00000000;00000000;00000000;00000000;00000;00000;
16;26;9;017;99;Arnedillo                                         ;00001;00000;00000;00000;00000;00000383;00000000;00000000;00000000;00000000;00000;00000;
16;26;9;018;99;Arnedo                                            ;00013;00000;00000;00000;00000;00010520;00000000;00000000;00000000;00000000;00000;00000;
16;26;9;019;99;Arrúbal                                           ;00001;00000;00000;00000;00000;00000362;00000000;00000000;00000000;00000000;00000;00000;
16;26;9;020;99;Ausejo                                            ;00001;00000;00000;00000;00000;00000501;00000000;00000000;00000000;00000000;00000;00000;
16;26;9;021;99;Autol                                             ;00003;00000;00000;00000;00000;00002831;00000000;00000000;00000000;00000000;00000;00000;
16;26;9;022;99;Azofra                                            ;00001;00000;00000;00000;00000;00000207;00000000;00000000;00000000;00000000;00000;00000;
16;26;9;023;99;Badarán                                           ;00001;00000;00000;00000;00000;00000476;00000000;00000000;00000000;00000000;00000;00000;
16;26;9;024;99;Bañares                                           ;00001;00000;00000;00000;00000;00000253;00000000;00000000;00000000;00000000;00000;00000;
16;26;9;025;99;Baños de Rioja                                    ;00001;00000;00000;00000;00000;00000088;00000000;00000000;00000000;00000000;00000;00000;
16;26;9;026;99;Baños de Río Tobía                                ;00002;00000;00000;00000;00000;00001326;00000000;00000000;00000000;00000000;00000;00000;
16;26;9;027;99;Berceo                                            ;00001;00000;00000;00000;00000;00000168;00000000;00000000;00000000;00000000;00000;00000;
16;26;9;028;99;Bergasa                                           ;00001;00000;00000;00000;00000;00000135;00000000;00000000;00000000;00000000;00000;00000;
16;26;9;029;99;Bergasillas Bajera                                ;00001;00000;00000;00000;00000;00000038;00000000;00000000;00000000;00000000;00000;00000;
16;26;9;030;99;Bezares                                           ;00001;00000;00000;00000;00000;00000012;00000000;00000000;00000000;00000000;00000;00000;
16;26;9;031;99;Bobadilla                                         ;00001;00000;00000;00000;00000;00000112;00000000;00000000;00000000;00000000;00000;00000;
16;26;9;032;99;Brieva de Cameros                                 ;00001;00000;00000;00000;00000;00000054;00000000;00000000;00000000;00000000;00000;00000;
16;26;9;033;99;Briñas                                            ;00001;00000;00000;00000;00000;00000176;00000000;00000000;00000000;00000000;00000;00000;
16;26;9;034;99;Briones                                           ;00001;00000;00000;00000;00000;00000672;00000000;00000000;00000000;00000000;00000;00000;
16;26;9;035;99;Cabezón de Cameros                                ;00001;00000;00000;00000;00000;00000018;00000000;00000000;00000000;00000000;00000;00000;
16;26;9;036;99;Calahorra                                         ;00022;00000;00000;00000;00000;00017133;00000000;00000000;00000000;00000000;00000;00000;
16;26;9;037;99;Camprovín                                         ;00001;00000;00000;00000;00000;00000141;00000000;00000000;00000000;00000000;00000;00000;
16;26;9;038;99;Canales de la Sierra                              ;00001;00000;00000;00000;00000;00000073;00000000;00000000;00000000;00000000;00000;00000;
16;26;9;039;99;Canillas de Río Tuerto                            ;00001;00000;00000;00000;00000;00000041;00000000;00000000;00000000;00000000;00000;00000;
16;26;9;040;99;Cañas                                             ;00001;00000;00000;00000;00000;00000063;00000000;00000000;00000000;00000000;00000;00000;
16;26;9;041;99;Cárdenas                                          ;00001;00000;00000;00000;00000;00000142;00000000;00000000;00000000;00000000;00000;00000;
16;26;9;042;99;Casalarreina                                      ;00001;00000;00000;00000;00000;00000852;00000000;00000000;00000000;00000000;00000;00000;
16;26;9;043;99;Castañares de Rioja                               ;00001;00000;00000;00000;00000;00000388;00000000;00000000;00000000;00000000;00000;00000;
16;26;9;044;99;Castroviejo                                       ;00001;00000;00000;00000;00000;00000054;00000000;00000000;00000000;00000000;00000;00000;
16;26;9;045;99;Cellorigo                                         ;00001;00000;00000;00000;00000;00000012;00000000;00000000;00000000;00000000;00000;00000;
16;26;9;046;99;Cenicero                                          ;00002;00000;00000;00000;00000;00001639;00000000;00000000;00000000;00000000;00000;00000;
16;26;9;047;99;Cervera del Río Alhama                            ;00005;00000;00000;00000;00000;00002001;00000000;00000000;00000000;00000000;00000;00000;
16;26;9;048;99;Cidamón                                           ;00001;00000;00000;00000;00000;00000026;00000000;00000000;00000000;00000000;00000;00000;
16;26;9;049;99;Cihuri                                            ;00001;00000;00000;00000;00000;00000183;00000000;00000000;00000000;00000000;00000;00000;
16;26;9;050;99;Cirueña                                           ;00001;00000;00000;00000;00000;00000120;00000000;00000000;00000000;00000000;00000;00000;
16;26;9;051;99;Clavijo                                           ;00001;00000;00000;00000;00000;00000234;00000000;00000000;00000000;00000000;00000;00000;
16;26;9;052;99;Cordovín                                          ;00001;00000;00000;00000;00000;00000165;00000000;00000000;00000000;00000000;00000;00000;
16;26;9;053;99;Corera                                            ;00001;00000;00000;00000;00000;00000227;00000000;00000000;00000000;00000000;00000;00000;
16;26;9;054;99;Cornago                                           ;00001;00000;00000;00000;00000;00000329;00000000;00000000;00000000;00000000;00000;00000;
16;26;9;055;99;Corporales                                        ;00001;00000;00000;00000;00000;00000040;00000000;00000000;00000000;00000000;00000;00000;
16;26;9;056;99;Cuzcurrita de Río Tirón                           ;00001;00000;00000;00000;00000;00000425;00000000;00000000;00000000;00000000;00000;00000;
16;26;9;057;99;Daroca de Rioja                                   ;00001;00000;00000;00000;00000;00000050;00000000;00000000;00000000;00000000;00000;00000;
16;26;9;058;99;Enciso                                            ;00001;00000;00000;00000;00000;00000148;00000000;00000000;00000000;00000000;00000;00000;
16;26;9;059;99;Entrena                                           ;00002;00000;00000;00000;00000;00001150;00000000;00000000;00000000;00000000;00000;00000;
16;26;9;060;99;Estollo                                           ;00001;00000;00000;00000;00000;00000089;00000000;00000000;00000000;00000000;00000;00000;
16;26;9;061;99;Ezcaray                                           ;00002;00000;00000;00000;00000;00001576;00000000;00000000;00000000;00000000;00000;00000;
16;26;9;062;99;Foncea                                            ;00001;00000;00000;00000;00000;00000093;00000000;00000000;00000000;00000000;00000;00000;
16;26;9;063;99;Fonzaleche                                        ;00001;00000;00000;00000;00000;00000129;00000000;00000000;00000000;00000000;00000;00000;
16;26;9;064;99;Fuenmayor                                         ;00003;00000;00000;00000;00000;00002349;00000000;00000000;00000000;00000000;00000;00000;
16;26;9;065;99;Galbárruli                                        ;00001;00000;00000;00000;00000;00000052;00000000;00000000;00000000;00000000;00000;00000;
16;26;9;066;99;Galilea                                           ;00001;00000;00000;00000;00000;00000275;00000000;00000000;00000000;00000000;00000;00000;
16;26;9;067;99;Gallinero de Cameros                              ;00001;00000;00000;00000;00000;00000022;00000000;00000000;00000000;00000000;00000;00000;
16;26;9;068;99;Gimileo                                           ;00001;00000;00000;00000;00000;00000085;00000000;00000000;00000000;00000000;00000;00000;
16;26;9;069;99;Grañón                                            ;00001;00000;00000;00000;00000;00000252;00000000;00000000;00000000;00000000;00000;00000;
16;26;9;070;99;Grávalos                                          ;00001;00000;00000;00000;00000;00000201;00000000;00000000;00000000;00000000;00000;00000;
16;26;9;071;99;Haro                                              ;00012;00000;00000;00000;00000;00008567;00000000;00000000;00000000;00000000;00000;00000;
16;26;9;072;99;Herce                                             ;00001;00000;00000;00000;00000;00000299;00000000;00000000;00000000;00000000;00000;00000;
16;26;9;073;99;Herramélluri                                      ;00001;00000;00000;00000;00000;00000097;00000000;00000000;00000000;00000000;00000;00000;
16;26;9;074;99;Hervías                                           ;00001;00000;00000;00000;00000;00000117;00000000;00000000;00000000;00000000;00000;00000;
16;26;9;075;99;Hormilla                                          ;00001;00000;00000;00000;00000;00000357;00000000;00000000;00000000;00000000;00000;00000;
16;26;9;076;99;Hormilleja                                        ;00001;00000;00000;00000;00000;00000142;00000000;00000000;00000000;00000000;00000;00000;
16;26;9;077;99;Hornillos de Cameros                              ;00001;00000;00000;00000;00000;00000019;00000000;00000000;00000000;00000000;00000;00000;
16;26;9;078;99;Hornos de Moncalvillo                             ;00001;00000;00000;00000;00000;00000077;00000000;00000000;00000000;00000000;00000;00000;
16;26;9;079;99;Huércanos                                         ;00001;00000;00000;00000;00000;00000671;00000000;00000000;00000000;00000000;00000;00000;
16;26;9;080;99;Igea                                              ;00001;00000;00000;00000;00000;00000515;00000000;00000000;00000000;00000000;00000;00000;
16;26;9;081;99;Jalón de Cameros                                  ;00001;00000;00000;00000;00000;00000018;00000000;00000000;00000000;00000000;00000;00000;
16;26;9;082;99;Laguna de Cameros                                 ;00001;00000;00000;00000;00000;00000108;00000000;00000000;00000000;00000000;00000;00000;
16;26;9;083;99;Lagunilla del Jubera                              ;00001;00000;00000;00000;00000;00000277;00000000;00000000;00000000;00000000;00000;00000;
16;26;9;084;99;Lardero                                           ;00008;00000;00000;00000;00000;00006487;00000000;00000000;00000000;00000000;00000;00000;
16;26;9;086;99;Ledesma de la Cogolla                             ;00001;00000;00000;00000;00000;00000017;00000000;00000000;00000000;00000000;00000;00000;
16;26;9;087;99;Leiva                                             ;00001;00000;00000;00000;00000;00000204;00000000;00000000;00000000;00000000;00000;00000;
16;26;9;088;99;Leza de Río Leza                                  ;00001;00000;00000;00000;00000;00000038;00000000;00000000;00000000;00000000;00000;00000;
16;26;9;089;99;Logroño                                           ;00139;00000;00000;00000;00000;00110484;00000000;00000000;00000000;00000000;00000;00000;
16;26;9;091;99;Lumbreras                                         ;00001;00000;00000;00000;00000;00000157;00000000;00000000;00000000;00000000;00000;00000;
16;26;9;092;99;Manjarrés                                         ;00001;00000;00000;00000;00000;00000111;00000000;00000000;00000000;00000000;00000;00000;
16;26;9;093;99;Mansilla de la Sierra                             ;00001;00000;00000;00000;00000;00000053;00000000;00000000;00000000;00000000;00000;00000;
16;26;9;094;99;Manzanares de Rioja                               ;00001;00000;00000;00000;00000;00000086;00000000;00000000;00000000;00000000;00000;00000;
16;26;9;095;99;Matute                                            ;00001;00000;00000;00000;00000;00000115;00000000;00000000;00000000;00000000;00000;00000;
16;26;9;096;99;Medrano                                           ;00001;00000;00000;00000;00000;00000247;00000000;00000000;00000000;00000000;00000;00000;
16;26;9;098;99;Munilla                                           ;00001;00000;00000;00000;00000;00000087;00000000;00000000;00000000;00000000;00000;00000;
16;26;9;099;99;Murillo de Río Leza                               ;00002;00000;00000;00000;00000;00001267;00000000;00000000;00000000;00000000;00000;00000;
16;26;9;100;99;Muro de Aguas                                     ;00001;00000;00000;00000;00000;00000053;00000000;00000000;00000000;00000000;00000;00000;
16;26;9;101;99;Muro en Cameros                                   ;00001;00000;00000;00000;00000;00000044;00000000;00000000;00000000;00000000;00000;00000;
16;26;9;102;99;Nájera                                            ;00009;00000;00000;00000;00000;00006194;00000000;00000000;00000000;00000000;00000;00000;
16;26;9;103;99;Nalda                                             ;00001;00000;00000;00000;00000;00000790;00000000;00000000;00000000;00000000;00000;00000;
16;26;9;104;99;Navajún                                           ;00001;00000;00000;00000;00000;00000014;00000000;00000000;00000000;00000000;00000;00000;
16;26;9;105;99;Navarrete                                         ;00002;00000;00000;00000;00000;00002211;00000000;00000000;00000000;00000000;00000;00000;
16;26;9;106;99;Nestares                                          ;00001;00000;00000;00000;00000;00000070;00000000;00000000;00000000;00000000;00000;00000;
16;26;9;107;99;Nieva de Cameros                                  ;00001;00000;00000;00000;00000;00000089;00000000;00000000;00000000;00000000;00000;00000;
16;26;9;108;99;Ocón                                              ;00001;00000;00000;00000;00000;00000283;00000000;00000000;00000000;00000000;00000;00000;
16;26;9;109;99;Ochánduri                                         ;00001;00000;00000;00000;00000;00000086;00000000;00000000;00000000;00000000;00000;00000;
16;26;9;110;99;Ojacastro                                         ;00001;00000;00000;00000;00000;00000168;00000000;00000000;00000000;00000000;00000;00000;
16;26;9;111;99;Ollauri                                           ;00001;00000;00000;00000;00000;00000254;00000000;00000000;00000000;00000000;00000;00000;
16;26;9;112;99;Ortigosa de Cameros                               ;00001;00000;00000;00000;00000;00000252;00000000;00000000;00000000;00000000;00000;00000;
16;26;9;113;99;Pazuengos                                         ;00001;00000;00000;00000;00000;00000035;00000000;00000000;00000000;00000000;00000;00000;
16;26;9;114;99;Pedroso                                           ;00001;00000;00000;00000;00000;00000075;00000000;00000000;00000000;00000000;00000;00000;
16;26;9;115;99;Pinillos                                          ;00001;00000;00000;00000;00000;00000017;00000000;00000000;00000000;00000000;00000;00000;
16;26;9;117;99;Pradejón                                          ;00004;00000;00000;00000;00000;00002539;00000000;00000000;00000000;00000000;00000;00000;
16;26;9;118;99;Pradillo                                          ;00001;00000;00000;00000;00000;00000059;00000000;00000000;00000000;00000000;00000;00000;
16;26;9;119;99;Préjano                                           ;00001;00000;00000;00000;00000;00000215;00000000;00000000;00000000;00000000;00000;00000;
16;26;9;120;99;Quel                                              ;00002;00000;00000;00000;00000;00001483;00000000;00000000;00000000;00000000;00000;00000;
16;26;9;121;99;Rabanera                                          ;00001;00000;00000;00000;00000;00000030;00000000;00000000;00000000;00000000;00000;00000;
16;26;9;122;99;El Rasillo de Cameros                             ;00001;00000;00000;00000;00000;00000115;00000000;00000000;00000000;00000000;00000;00000;
16;26;9;123;99;El Redal                                          ;00001;00000;00000;00000;00000;00000133;00000000;00000000;00000000;00000000;00000;00000;
16;26;9;124;99;Ribafrecha                                        ;00001;00000;00000;00000;00000;00000847;00000000;00000000;00000000;00000000;00000;00000;
16;26;9;125;99;Rincón de Soto                                    ;00004;00000;00000;00000;00000;00002719;00000000;00000000;00000000;00000000;00000;00000;
16;26;9;126;99;Robres del Castillo                               ;00001;00000;00000;00000;00000;00000030;00000000;00000000;00000000;00000000;00000;00000;
16;26;9;127;99;Rodezno                                           ;00001;00000;00000;00000;00000;00000229;00000000;00000000;00000000;00000000;00000;00000;
16;26;9;128;99;Sajazarra                                         ;00001;00000;00000;00000;00000;00000115;00000000;00000000;00000000;00000000;00000;00000;
16;26;9;129;99;San Asensio                                       ;00001;00000;00000;00000;00000;00000985;00000000;00000000;00000000;00000000;00000;00000;
16;26;9;130;99;San Millán de la Cogolla                          ;00001;00000;00000;00000;00000;00000209;00000000;00000000;00000000;00000000;00000;00000;
16;26;9;131;99;San Millán de Yécora                              ;00001;00000;00000;00000;00000;00000033;00000000;00000000;00000000;00000000;00000;00000;
16;26;9;132;99;San Román de Cameros                              ;00001;00000;00000;00000;00000;00000121;00000000;00000000;00000000;00000000;00000;00000;
16;26;9;134;99;Santa Coloma                                      ;00001;00000;00000;00000;00000;00000095;00000000;00000000;00000000;00000000;00000;00000;
16;26;9;135;99;Santa Engracia del Jubera                         ;00001;00000;00000;00000;00000;00000163;00000000;00000000;00000000;00000000;00000;00000;
16;26;9;136;99;Santa Eulalia Bajera                              ;00001;00000;00000;00000;00000;00000106;00000000;00000000;00000000;00000000;00000;00000;
16;26;9;138;99;Santo Domingo de la Calzada                       ;00006;00000;00000;00000;00000;00004633;00000000;00000000;00000000;00000000;00000;00000;
16;26;9;139;99;San Torcuato                                      ;00001;00000;00000;00000;00000;00000061;00000000;00000000;00000000;00000000;00000;00000;
16;26;9;140;99;Santurde de Rioja                                 ;00001;00000;00000;00000;00000;00000263;00000000;00000000;00000000;00000000;00000;00000;
16;26;9;141;99;Santurdejo                                        ;00001;00000;00000;00000;00000;00000118;00000000;00000000;00000000;00000000;00000;00000;
16;26;9;142;99;San Vicente de la Sonsierra                       ;00001;00000;00000;00000;00000;00000774;00000000;00000000;00000000;00000000;00000;00000;
16;26;9;143;99;Sojuela                                           ;00001;00000;00000;00000;00000;00000221;00000000;00000000;00000000;00000000;00000;00000;
16;26;9;144;99;Sorzano                                           ;00001;00000;00000;00000;00000;00000205;00000000;00000000;00000000;00000000;00000;00000;
16;26;9;145;99;Sotés                                             ;00001;00000;00000;00000;00000;00000244;00000000;00000000;00000000;00000000;00000;00000;
16;26;9;146;99;Soto en Cameros                                   ;00001;00000;00000;00000;00000;00000105;00000000;00000000;00000000;00000000;00000;00000;
16;26;9;147;99;Terroba                                           ;00001;00000;00000;00000;00000;00000029;00000000;00000000;00000000;00000000;00000;00000;
16;26;9;148;99;Tirgo                                             ;00001;00000;00000;00000;00000;00000182;00000000;00000000;00000000;00000000;00000;00000;
16;26;9;149;99;Tobía                                             ;00001;00000;00000;00000;00000;00000063;00000000;00000000;00000000;00000000;00000;00000;
16;26;9;150;99;Tormantos                                         ;00001;00000;00000;00000;00000;00000118;00000000;00000000;00000000;00000000;00000;00000;
16;26;9;151;99;Torrecilla en Cameros                             ;00001;00000;00000;00000;00000;00000421;00000000;00000000;00000000;00000000;00000;00000;
16;26;9;152;99;Torrecilla Sobre Alesanco                         ;00001;00000;00000;00000;00000;00000028;00000000;00000000;00000000;00000000;00000;00000;
16;26;9;153;99;Torre en Cameros                                  ;00001;00000;00000;00000;00000;00000012;00000000;00000000;00000000;00000000;00000;00000;
16;26;9;154;99;Torremontalbo                                     ;00001;00000;00000;00000;00000;00000013;00000000;00000000;00000000;00000000;00000;00000;
16;26;9;155;99;Treviana                                          ;00001;00000;00000;00000;00000;00000163;00000000;00000000;00000000;00000000;00000;00000;
16;26;9;157;99;Tricio                                            ;00001;00000;00000;00000;00000;00000306;00000000;00000000;00000000;00000000;00000;00000;
16;26;9;158;99;Tudelilla                                         ;00001;00000;00000;00000;00000;00000284;00000000;00000000;00000000;00000000;00000;00000;
16;26;9;160;99;Uruñuela                                          ;00001;00000;00000;00000;00000;00000710;00000000;00000000;00000000;00000000;00000;00000;
16;26;9;161;99;Valdemadera                                       ;00001;00000;00000;00000;00000;00000008;00000000;00000000;00000000;00000000;00000;00000;
16;26;9;162;99;Valgañón                                          ;00001;00000;00000;00000;00000;00000122;00000000;00000000;00000000;00000000;00000;00000;
16;26;9;163;99;Ventosa                                           ;00001;00000;00000;00000;00000;00000139;00000000;00000000;00000000;00000000;00000;00000;
16;26;9;164;99;Ventrosa                                          ;00001;00000;00000;00000;00000;00000065;00000000;00000000;00000000;00000000;00000;00000;
16;26;9;165;99;Viguera                                           ;00001;00000;00000;00000;00000;00000367;00000000;00000000;00000000;00000000;00000;00000;
16;26;9;166;99;Villalba de Rioja                                 ;00001;00000;00000;00000;00000;00000142;00000000;00000000;00000000;00000000;00000;00000;
16;26;9;167;99;Villalobar de Rioja                               ;00001;00000;00000;00000;00000;00000063;00000000;00000000;00000000;00000000;00000;00000;
16;26;9;168;99;Villamediana de Iregua                            ;00007;00000;00000;00000;00000;00005325;00000000;00000000;00000000;00000000;00000;00000;
16;26;9;169;99;Villanueva de Cameros                             ;00001;00000;00000;00000;00000;00000074;00000000;00000000;00000000;00000000;00000;00000;
16;26;9;170;99;El Villar de Arnedo                               ;00001;00000;00000;00000;00000;00000472;00000000;00000000;00000000;00000000;00000;00000;
16;26;9;171;99;Villar de Torre                                   ;00001;00000;00000;00000;00000;00000189;00000000;00000000;00000000;00000000;00000;00000;
16;26;9;172;99;Villarejo                                         ;00001;00000;00000;00000;00000;00000029;00000000;00000000;00000000;00000000;00000;00000;
16;26;9;173;99;Villarroya                                        ;00001;00000;00000;00000;00000;00000009;00000000;00000000;00000000;00000000;00000;00000;
16;26;9;174;99;Villarta-Quintana                                 ;00001;00000;00000;00000;00000;00000153;00000000;00000000;00000000;00000000;00000;00000;
16;26;9;175;99;Villavelayo                                       ;00001;00000;00000;00000;00000;00000055;00000000;00000000;00000000;00000000;00000;00000;
16;26;9;176;99;Villaverde de Rioja                               ;00001;00000;00000;00000;00000;00000063;00000000;00000000;00000000;00000000;00000;00000;
16;26;9;177;99;Villoslada de Cameros                             ;00001;00000;00000;00000;00000;00000313;00000000;00000000;00000000;00000000;00000;00000;
16;26;9;178;99;Viniegra de Abajo                                 ;00001;00000;00000;00000;00000;00000081;00000000;00000000;00000000;00000000;00000;00000;
16;26;9;179;99;Viniegra de Arriba                                ;00001;00000;00000;00000;00000;00000047;00000000;00000000;00000000;00000000;00000;00000;
16;26;9;180;99;Zarratón                                          ;00001;00000;00000;00000;00000;00000234;00000000;00000000;00000000;00000000;00000;00000;
16;26;9;181;99;Zarzosa                                           ;00001;00000;00000;00000;00000;00000016;00000000;00000000;00000000;00000000;00000;00000;
16;26;9;183;99;Zorraquín                                         ;00001;00000;00000;00000;00000;00000067;00000000;00000000;00000000;00000000;00000;00000;
