17;46;9;001;99;Ademuz                                            ;00001;00000;00000;00000;00000;00000838;00000000;00000000;00000000;00000000;00000;00000;
17;46;9;002;99;Ador                                              ;00002;00000;00000;00000;00000;00001175;00000000;00000000;00000000;00000000;00000;00000;
17;46;9;003;99;Atzeneta d'Albaida                                ;00001;00000;00000;00000;00000;00000965;00000000;00000000;00000000;00000000;00000;00000;
17;46;9;004;99;Agullent                                          ;00003;00000;00000;00000;00000;00001950;00000000;00000000;00000000;00000000;00000;00000;
17;46;9;005;99;Alaquàs                                           ;00032;00000;00000;00000;00000;00023013;00000000;00000000;00000000;00000000;00000;00000;
17;46;9;006;99;Albaida                                           ;00007;00000;00000;00000;00000;00004733;00000000;00000000;00000000;00000000;00000;00000;
17;46;9;007;99;Albal                                             ;00023;00000;00000;00000;00000;00011861;00000000;00000000;00000000;00000000;00000;00000;
17;46;9;008;99;Albalat de la Ribera                              ;00004;00000;00000;00000;00000;00002681;00000000;00000000;00000000;00000000;00000;00000;
17;46;9;009;99;Albalat dels Sorells                              ;00004;00000;00000;00000;00000;00003166;00000000;00000000;00000000;00000000;00000;00000;
17;46;9;010;99;Albalat dels Tarongers                            ;00001;00000;00000;00000;00000;00000927;00000000;00000000;00000000;00000000;00000;00000;
17;46;9;011;99;Alberic                                           ;00011;00000;00000;00000;00000;00007717;00000000;00000000;00000000;00000000;00000;00000;
17;46;9;012;99;Alborache                                         ;00001;00000;00000;00000;00000;00000896;00000000;00000000;00000000;00000000;00000;00000;
17;46;9;013;99;Alboraya                                          ;00025;00000;00000;00000;00000;00017213;00000000;00000000;00000000;00000000;00000;00000;
17;46;9;014;99;Albuixech                                         ;00004;00000;00000;00000;00000;00003084;00000000;00000000;00000000;00000000;00000;00000;
17;46;9;015;99;Alcàsser                                          ;00011;00000;00000;00000;00000;00007165;00000000;00000000;00000000;00000000;00000;00000;
17;46;9;016;99;Alcàntera de Xúquer                               ;00002;00000;00000;00000;00000;00001070;00000000;00000000;00000000;00000000;00000;00000;
17;46;9;017;99;Alzira                                            ;00046;00000;00000;00000;00000;00033182;00000000;00000000;00000000;00000000;00000;00000;
17;46;9;018;99;Alcublas                                          ;00001;00000;00000;00000;00000;00000658;00000000;00000000;00000000;00000000;00000;00000;
17;46;9;019;99;L'Alcúdia                                         ;00016;00000;00000;00000;00000;00008789;00000000;00000000;00000000;00000000;00000;00000;
17;46;9;020;99;L'Alcúdia de Crespins                             ;00005;00000;00000;00000;00000;00004027;00000000;00000000;00000000;00000000;00000;00000;
17;46;9;021;99;Aldaia                                            ;00034;00000;00000;00000;00000;00023573;00000000;00000000;00000000;00000000;00000;00000;
17;46;9;022;99;Alfafar                                           ;00024;00000;00000;00000;00000;00015606;00000000;00000000;00000000;00000000;00000;00000;
17;46;9;023;99;Alfauir                                           ;00001;00000;00000;00000;00000;00000340;00000000;00000000;00000000;00000000;00000;00000;
17;46;9;024;99;Alfara de la Baronia                              ;00001;00000;00000;00000;00000;00000440;00000000;00000000;00000000;00000000;00000;00000;
17;46;9;025;99;Alfara del Patriarca                              ;00004;00000;00000;00000;00000;00002492;00000000;00000000;00000000;00000000;00000;00000;
17;46;9;026;99;Alfarp                                            ;00002;00000;00000;00000;00000;00001239;00000000;00000000;00000000;00000000;00000;00000;
17;46;9;027;99;Alfarrasí                                         ;00001;00000;00000;00000;00000;00000971;00000000;00000000;00000000;00000000;00000;00000;
17;46;9;028;99;Algar de Palancia                                 ;00001;00000;00000;00000;00000;00000401;00000000;00000000;00000000;00000000;00000;00000;
17;46;9;029;99;Algemesí                                          ;00033;00000;00000;00000;00000;00020878;00000000;00000000;00000000;00000000;00000;00000;
17;46;9;030;99;Algimia de Alfara                                 ;00001;00000;00000;00000;00000;00000804;00000000;00000000;00000000;00000000;00000;00000;
17;46;9;031;99;Alginet                                           ;00014;00000;00000;00000;00000;00010608;00000000;00000000;00000000;00000000;00000;00000;
17;46;9;032;99;Almàssera                                         ;00008;00000;00000;00000;00000;00005660;00000000;00000000;00000000;00000000;00000;00000;
17;46;9;033;99;Almiserà                                          ;00001;00000;00000;00000;00000;00000209;00000000;00000000;00000000;00000000;00000;00000;
17;46;9;034;99;Almoines                                          ;00002;00000;00000;00000;00000;00001753;00000000;00000000;00000000;00000000;00000;00000;
17;46;9;035;99;Almussafes                                        ;00008;00000;00000;00000;00000;00006739;00000000;00000000;00000000;00000000;00000;00000;
17;46;9;036;99;Alpuente                                          ;00002;00000;00000;00000;00000;00000614;00000000;00000000;00000000;00000000;00000;00000;
17;46;9;037;99;L'Alqueria de la Comtessa                         ;00002;00000;00000;00000;00000;00001168;00000000;00000000;00000000;00000000;00000;00000;
17;46;9;038;99;Andilla                                           ;00001;00000;00000;00000;00000;00000342;00000000;00000000;00000000;00000000;00000;00000;
17;46;9;039;99;Anna                                              ;00004;00000;00000;00000;00000;00002179;00000000;00000000;00000000;00000000;00000;00000;
17;46;9;040;99;Antella                                           ;00002;00000;00000;00000;00000;00001157;00000000;00000000;00000000;00000000;00000;00000;
17;46;9;041;99;Aras de los Olmos                                 ;00001;00000;00000;00000;00000;00000335;00000000;00000000;00000000;00000000;00000;00000;
17;46;9;042;99;Aielo de Malferit                                 ;00004;00000;00000;00000;00000;00003385;00000000;00000000;00000000;00000000;00000;00000;
17;46;9;043;99;Aielo de Rugat                                    ;00001;00000;00000;00000;00000;00000144;00000000;00000000;00000000;00000000;00000;00000;
17;46;9;044;99;Ayora                                             ;00007;00000;00000;00000;00000;00004318;00000000;00000000;00000000;00000000;00000;00000;
17;46;9;045;99;Barxeta                                           ;00002;00000;00000;00000;00000;00001284;00000000;00000000;00000000;00000000;00000;00000;
17;46;9;046;99;Barx                                              ;00001;00000;00000;00000;00000;00000974;00000000;00000000;00000000;00000000;00000;00000;
17;46;9;047;99;Bèlgida                                           ;00001;00000;00000;00000;00000;00000546;00000000;00000000;00000000;00000000;00000;00000;
17;46;9;048;99;Bellreguard                                       ;00004;00000;00000;00000;00000;00003464;00000000;00000000;00000000;00000000;00000;00000;
17;46;9;049;99;Bellús                                            ;00001;00000;00000;00000;00000;00000277;00000000;00000000;00000000;00000000;00000;00000;
17;46;9;050;99;Benagéber                                         ;00001;00000;00000;00000;00000;00000204;00000000;00000000;00000000;00000000;00000;00000;
17;46;9;051;99;Benaguasil                                        ;00012;00000;00000;00000;00000;00008305;00000000;00000000;00000000;00000000;00000;00000;
17;46;9;052;99;Benavites                                         ;00001;00000;00000;00000;00000;00000516;00000000;00000000;00000000;00000000;00000;00000;
17;46;9;053;99;Beneixida                                         ;00001;00000;00000;00000;00000;00000555;00000000;00000000;00000000;00000000;00000;00000;
17;46;9;054;99;Benetússer                                        ;00017;00000;00000;00000;00000;00011292;00000000;00000000;00000000;00000000;00000;00000;
17;46;9;055;99;Beniarjó                                          ;00002;00000;00000;00000;00000;00001289;00000000;00000000;00000000;00000000;00000;00000;
17;46;9;056;99;Beniatjar                                         ;00001;00000;00000;00000;00000;00000206;00000000;00000000;00000000;00000000;00000;00000;
17;46;9;057;99;Benicolet                                         ;00001;00000;00000;00000;00000;00000529;00000000;00000000;00000000;00000000;00000;00000;
17;46;9;058;99;Benifairó de les Valls                            ;00002;00000;00000;00000;00000;00001805;00000000;00000000;00000000;00000000;00000;00000;
17;46;9;059;99;Benifairó de la Valldigna                         ;00002;00000;00000;00000;00000;00001281;00000000;00000000;00000000;00000000;00000;00000;
17;46;9;060;99;Benifaió                                          ;00014;00000;00000;00000;00000;00009392;00000000;00000000;00000000;00000000;00000;00000;
17;46;9;061;99;Beniflá                                           ;00001;00000;00000;00000;00000;00000338;00000000;00000000;00000000;00000000;00000;00000;
17;46;9;062;99;Benigànim                                         ;00006;00000;00000;00000;00000;00004666;00000000;00000000;00000000;00000000;00000;00000;
17;46;9;063;99;Benimodo                                          ;00002;00000;00000;00000;00000;00001762;00000000;00000000;00000000;00000000;00000;00000;
17;46;9;064;99;Benimuslem                                        ;00001;00000;00000;00000;00000;00000532;00000000;00000000;00000000;00000000;00000;00000;
17;46;9;065;99;Beniparrell                                       ;00002;00000;00000;00000;00000;00001582;00000000;00000000;00000000;00000000;00000;00000;
17;46;9;066;99;Benirredrà                                        ;00002;00000;00000;00000;00000;00001289;00000000;00000000;00000000;00000000;00000;00000;
17;46;9;067;99;Benisanó                                          ;00002;00000;00000;00000;00000;00001784;00000000;00000000;00000000;00000000;00000;00000;
17;46;9;068;99;Benissoda                                         ;00001;00000;00000;00000;00000;00000353;00000000;00000000;00000000;00000000;00000;00000;
17;46;9;069;99;Benisuera                                         ;00001;00000;00000;00000;00000;00000178;00000000;00000000;00000000;00000000;00000;00000;
17;46;9;070;99;Bétera                                            ;00025;00000;00000;00000;00000;00016669;00000000;00000000;00000000;00000000;00000;00000;
17;46;9;071;99;Bicorp                                            ;00001;00000;00000;00000;00000;00000471;00000000;00000000;00000000;00000000;00000;00000;
17;46;9;072;99;Bocairent                                         ;00006;00000;00000;00000;00000;00003690;00000000;00000000;00000000;00000000;00000;00000;
17;46;9;073;99;Bolbaite                                          ;00002;00000;00000;00000;00000;00001100;00000000;00000000;00000000;00000000;00000;00000;
17;46;9;074;99;Bonrepòs i Mirambell                              ;00004;00000;00000;00000;00000;00002713;00000000;00000000;00000000;00000000;00000;00000;
17;46;9;075;99;Bufali                                            ;00001;00000;00000;00000;00000;00000154;00000000;00000000;00000000;00000000;00000;00000;
17;46;9;076;99;Bugarra                                           ;00001;00000;00000;00000;00000;00000610;00000000;00000000;00000000;00000000;00000;00000;
17;46;9;077;99;Buñol                                             ;00012;00000;00000;00000;00000;00007634;00000000;00000000;00000000;00000000;00000;00000;
17;46;9;078;99;Burjassot                                         ;00043;00000;00000;00000;00000;00028321;00000000;00000000;00000000;00000000;00000;00000;
17;46;9;079;99;Calles                                            ;00001;00000;00000;00000;00000;00000356;00000000;00000000;00000000;00000000;00000;00000;
17;46;9;080;99;Camporrobles                                      ;00002;00000;00000;00000;00000;00001063;00000000;00000000;00000000;00000000;00000;00000;
17;46;9;081;99;Canals                                            ;00014;00000;00000;00000;00000;00010196;00000000;00000000;00000000;00000000;00000;00000;
17;46;9;082;99;Canet d'en Berenguer                              ;00007;00000;00000;00000;00000;00004884;00000000;00000000;00000000;00000000;00000;00000;
17;46;9;083;99;Carcaixent                                        ;00025;00000;00000;00000;00000;00015542;00000000;00000000;00000000;00000000;00000;00000;
17;46;9;084;99;Càrcer                                            ;00002;00000;00000;00000;00000;00001575;00000000;00000000;00000000;00000000;00000;00000;
17;46;9;085;99;Carlet                                            ;00017;00000;00000;00000;00000;00011332;00000000;00000000;00000000;00000000;00000;00000;
17;46;9;086;99;Carrícola                                         ;00001;00000;00000;00000;00000;00000084;00000000;00000000;00000000;00000000;00000;00000;
17;46;9;087;99;Casas Altas                                       ;00001;00000;00000;00000;00000;00000129;00000000;00000000;00000000;00000000;00000;00000;
17;46;9;088;99;Casas Bajas                                       ;00001;00000;00000;00000;00000;00000181;00000000;00000000;00000000;00000000;00000;00000;
17;46;9;089;99;Casinos                                           ;00003;00000;00000;00000;00000;00002180;00000000;00000000;00000000;00000000;00000;00000;
17;46;9;090;99;Castelló de Rugat                                 ;00002;00000;00000;00000;00000;00001670;00000000;00000000;00000000;00000000;00000;00000;
17;46;9;091;99;Castellonet de la Conquesta                       ;00001;00000;00000;00000;00000;00000120;00000000;00000000;00000000;00000000;00000;00000;
17;46;9;092;99;Castielfabib                                      ;00001;00000;00000;00000;00000;00000277;00000000;00000000;00000000;00000000;00000;00000;
17;46;9;093;99;Catadau                                           ;00003;00000;00000;00000;00000;00002099;00000000;00000000;00000000;00000000;00000;00000;
17;46;9;094;99;Catarroja                                         ;00029;00000;00000;00000;00000;00020435;00000000;00000000;00000000;00000000;00000;00000;
17;46;9;095;99;Caudete de las Fuentes                            ;00001;00000;00000;00000;00000;00000614;00000000;00000000;00000000;00000000;00000;00000;
17;46;9;096;99;Cerdà                                             ;00001;00000;00000;00000;00000;00000304;00000000;00000000;00000000;00000000;00000;00000;
17;46;9;097;99;Cofrentes                                         ;00001;00000;00000;00000;00000;00000922;00000000;00000000;00000000;00000000;00000;00000;
17;46;9;098;99;Corbera                                           ;00004;00000;00000;00000;00000;00002529;00000000;00000000;00000000;00000000;00000;00000;
17;46;9;099;99;Cortes de Pallás                                  ;00001;00000;00000;00000;00000;00000957;00000000;00000000;00000000;00000000;00000;00000;
17;46;9;100;99;Cotes                                             ;00001;00000;00000;00000;00000;00000285;00000000;00000000;00000000;00000000;00000;00000;
17;46;9;101;99;Quart de les Valls                                ;00001;00000;00000;00000;00000;00000874;00000000;00000000;00000000;00000000;00000;00000;
17;46;9;102;99;Quart de Poblet                                   ;00032;00000;00000;00000;00000;00020081;00000000;00000000;00000000;00000000;00000;00000;
17;46;9;103;99;Quartell                                          ;00002;00000;00000;00000;00000;00001267;00000000;00000000;00000000;00000000;00000;00000;
17;46;9;104;99;Quatretonda                                       ;00003;00000;00000;00000;00000;00001995;00000000;00000000;00000000;00000000;00000;00000;
17;46;9;105;99;Cullera                                           ;00024;00000;00000;00000;00000;00016398;00000000;00000000;00000000;00000000;00000;00000;
17;46;9;106;99;Chelva                                            ;00002;00000;00000;00000;00000;00001541;00000000;00000000;00000000;00000000;00000;00000;
17;46;9;107;99;Chella                                            ;00003;00000;00000;00000;00000;00002006;00000000;00000000;00000000;00000000;00000;00000;
17;46;9;108;99;Chera                                             ;00001;00000;00000;00000;00000;00000510;00000000;00000000;00000000;00000000;00000;00000;
17;46;9;109;99;Cheste                                            ;00011;00000;00000;00000;00000;00006326;00000000;00000000;00000000;00000000;00000;00000;
17;46;9;110;99;Xirivella                                         ;00031;00000;00000;00000;00000;00021444;00000000;00000000;00000000;00000000;00000;00000;
17;46;9;111;99;Chiva                                             ;00019;00000;00000;00000;00000;00010823;00000000;00000000;00000000;00000000;00000;00000;
17;46;9;112;99;Chulilla                                          ;00001;00000;00000;00000;00000;00000562;00000000;00000000;00000000;00000000;00000;00000;
17;46;9;113;99;Daimús                                            ;00004;00000;00000;00000;00000;00002410;00000000;00000000;00000000;00000000;00000;00000;
17;46;9;114;99;Domeño                                            ;00001;00000;00000;00000;00000;00000583;00000000;00000000;00000000;00000000;00000;00000;
17;46;9;115;99;Dos Aguas                                         ;00001;00000;00000;00000;00000;00000423;00000000;00000000;00000000;00000000;00000;00000;
17;46;9;116;99;L'Eliana                                          ;00017;00000;00000;00000;00000;00013072;00000000;00000000;00000000;00000000;00000;00000;
17;46;9;117;99;Emperador                                         ;00001;00000;00000;00000;00000;00000506;00000000;00000000;00000000;00000000;00000;00000;
17;46;9;118;99;Enguera                                           ;00006;00000;00000;00000;00000;00003965;00000000;00000000;00000000;00000000;00000;00000;
17;46;9;119;99;L'Ènova                                           ;00001;00000;00000;00000;00000;00000822;00000000;00000000;00000000;00000000;00000;00000;
17;46;9;120;99;Estivella                                         ;00002;00000;00000;00000;00000;00001113;00000000;00000000;00000000;00000000;00000;00000;
17;46;9;121;99;Estubeny                                          ;00001;00000;00000;00000;00000;00000108;00000000;00000000;00000000;00000000;00000;00000;
17;46;9;122;99;Faura                                             ;00004;00000;00000;00000;00000;00002778;00000000;00000000;00000000;00000000;00000;00000;
17;46;9;123;99;Favara                                            ;00002;00000;00000;00000;00000;00001835;00000000;00000000;00000000;00000000;00000;00000;
17;46;9;124;99;Fontanars dels Alforins                           ;00001;00000;00000;00000;00000;00000788;00000000;00000000;00000000;00000000;00000;00000;
17;46;9;125;99;Fortaleny                                         ;00001;00000;00000;00000;00000;00000869;00000000;00000000;00000000;00000000;00000;00000;
17;46;9;126;99;Foios                                             ;00008;00000;00000;00000;00000;00005548;00000000;00000000;00000000;00000000;00000;00000;
17;46;9;127;99;La Font d'en Carròs                               ;00004;00000;00000;00000;00000;00002882;00000000;00000000;00000000;00000000;00000;00000;
17;46;9;128;99;La Font de la Figuera                             ;00002;00000;00000;00000;00000;00001635;00000000;00000000;00000000;00000000;00000;00000;
17;46;9;129;99;Fuenterrobles                                     ;00001;00000;00000;00000;00000;00000523;00000000;00000000;00000000;00000000;00000;00000;
17;46;9;130;99;Gavarda                                           ;00001;00000;00000;00000;00000;00000916;00000000;00000000;00000000;00000000;00000;00000;
17;46;9;131;99;Gandia                                            ;00072;00000;00000;00000;00000;00050484;00000000;00000000;00000000;00000000;00000;00000;
17;46;9;132;99;Genovés                                           ;00004;00000;00000;00000;00000;00002148;00000000;00000000;00000000;00000000;00000;00000;
17;46;9;133;99;Gestalgar                                         ;00001;00000;00000;00000;00000;00000577;00000000;00000000;00000000;00000000;00000;00000;
17;46;9;134;99;Gilet                                             ;00003;00000;00000;00000;00000;00002404;00000000;00000000;00000000;00000000;00000;00000;
17;46;9;135;99;Godella                                           ;00014;00000;00000;00000;00000;00009769;00000000;00000000;00000000;00000000;00000;00000;
17;46;9;136;99;Godelleta                                         ;00004;00000;00000;00000;00000;00002586;00000000;00000000;00000000;00000000;00000;00000;
17;46;9;137;99;La Granja de la Costera                           ;00001;00000;00000;00000;00000;00000266;00000000;00000000;00000000;00000000;00000;00000;
17;46;9;138;99;Guadasséquies                                     ;00001;00000;00000;00000;00000;00000348;00000000;00000000;00000000;00000000;00000;00000;
17;46;9;139;99;Guadassuar                                        ;00006;00000;00000;00000;00000;00004542;00000000;00000000;00000000;00000000;00000;00000;
17;46;9;140;99;Guardamar de la Safor                             ;00001;00000;00000;00000;00000;00000366;00000000;00000000;00000000;00000000;00000;00000;
17;46;9;141;99;Higueruelas                                       ;00001;00000;00000;00000;00000;00000426;00000000;00000000;00000000;00000000;00000;00000;
17;46;9;142;99;Jalance                                           ;00001;00000;00000;00000;00000;00000840;00000000;00000000;00000000;00000000;00000;00000;
17;46;9;143;99;Xeraco                                            ;00006;00000;00000;00000;00000;00004276;00000000;00000000;00000000;00000000;00000;00000;
17;46;9;144;99;Jarafuel                                          ;00001;00000;00000;00000;00000;00000691;00000000;00000000;00000000;00000000;00000;00000;
17;46;9;145;99;Xàtiva                                            ;00031;00000;00000;00000;00000;00022010;00000000;00000000;00000000;00000000;00000;00000;
17;46;9;146;99;Xeresa                                            ;00002;00000;00000;00000;00000;00001719;00000000;00000000;00000000;00000000;00000;00000;
17;46;9;147;99;Llíria                                            ;00026;00000;00000;00000;00000;00016862;00000000;00000000;00000000;00000000;00000;00000;
17;46;9;148;99;Loriguilla                                        ;00002;00000;00000;00000;00000;00001466;00000000;00000000;00000000;00000000;00000;00000;
17;46;9;149;99;Losa del Obispo                                   ;00001;00000;00000;00000;00000;00000425;00000000;00000000;00000000;00000000;00000;00000;
17;46;9;150;99;Llutxent                                          ;00003;00000;00000;00000;00000;00001870;00000000;00000000;00000000;00000000;00000;00000;
17;46;9;151;99;Llocnou d'en Fenollet                             ;00001;00000;00000;00000;00000;00000743;00000000;00000000;00000000;00000000;00000;00000;
17;46;9;152;99;Llocnou de la Corona                              ;00001;00000;00000;00000;00000;00000090;00000000;00000000;00000000;00000000;00000;00000;
17;46;9;153;99;Llocnou de Sant Jeroni                            ;00001;00000;00000;00000;00000;00000443;00000000;00000000;00000000;00000000;00000;00000;
17;46;9;154;99;Llanera de Ranes                                  ;00001;00000;00000;00000;00000;00000818;00000000;00000000;00000000;00000000;00000;00000;
17;46;9;155;99;Llaurí                                            ;00002;00000;00000;00000;00000;00001084;00000000;00000000;00000000;00000000;00000;00000;
17;46;9;156;99;Llombai                                           ;00004;00000;00000;00000;00000;00002115;00000000;00000000;00000000;00000000;00000;00000;
17;46;9;157;99;La Llosa de Ranes                                 ;00004;00000;00000;00000;00000;00002981;00000000;00000000;00000000;00000000;00000;00000;
17;46;9;158;99;Macastre                                          ;00002;00000;00000;00000;00000;00001036;00000000;00000000;00000000;00000000;00000;00000;
17;46;9;159;99;Manises                                           ;00034;00000;00000;00000;00000;00023095;00000000;00000000;00000000;00000000;00000;00000;
17;46;9;160;99;Manuel                                            ;00003;00000;00000;00000;00000;00001954;00000000;00000000;00000000;00000000;00000;00000;
17;46;9;161;99;Marines                                           ;00002;00000;00000;00000;00000;00001501;00000000;00000000;00000000;00000000;00000;00000;
17;46;9;162;99;Massalavés                                        ;00002;00000;00000;00000;00000;00001230;00000000;00000000;00000000;00000000;00000;00000;
17;46;9;163;99;Massalfassar                                      ;00003;00000;00000;00000;00000;00001873;00000000;00000000;00000000;00000000;00000;00000;
17;46;9;164;99;Massamagrell                                      ;00016;00000;00000;00000;00000;00011783;00000000;00000000;00000000;00000000;00000;00000;
17;46;9;165;99;Massanassa                                        ;00010;00000;00000;00000;00000;00007060;00000000;00000000;00000000;00000000;00000;00000;
17;46;9;166;99;Meliana                                           ;00012;00000;00000;00000;00000;00008175;00000000;00000000;00000000;00000000;00000;00000;
17;46;9;167;99;Millares                                          ;00001;00000;00000;00000;00000;00000381;00000000;00000000;00000000;00000000;00000;00000;
17;46;9;168;99;Miramar                                           ;00003;00000;00000;00000;00000;00001970;00000000;00000000;00000000;00000000;00000;00000;
17;46;9;169;99;Mislata                                           ;00049;00000;00000;00000;00000;00032303;00000000;00000000;00000000;00000000;00000;00000;
17;46;9;170;99;Mogente/Moixent                                   ;00005;00000;00000;00000;00000;00003482;00000000;00000000;00000000;00000000;00000;00000;
17;46;9;171;99;Moncada                                           ;00022;00000;00000;00000;00000;00016711;00000000;00000000;00000000;00000000;00000;00000;
17;46;9;172;99;Montserrat                                        ;00006;00000;00000;00000;00000;00005066;00000000;00000000;00000000;00000000;00000;00000;
17;46;9;173;99;Montaverner                                       ;00002;00000;00000;00000;00000;00001361;00000000;00000000;00000000;00000000;00000;00000;
17;46;9;174;99;Montesa                                           ;00002;00000;00000;00000;00000;00001009;00000000;00000000;00000000;00000000;00000;00000;
17;46;9;175;99;Montitxelvo/Montichelvo                           ;00001;00000;00000;00000;00000;00000458;00000000;00000000;00000000;00000000;00000;00000;
17;46;9;176;99;Montroi/Montroy                                   ;00002;00000;00000;00000;00000;00002140;00000000;00000000;00000000;00000000;00000;00000;
17;46;9;177;99;Museros                                           ;00005;00000;00000;00000;00000;00004697;00000000;00000000;00000000;00000000;00000;00000;
17;46;9;178;99;Náquera                                           ;00006;00000;00000;00000;00000;00004601;00000000;00000000;00000000;00000000;00000;00000;
17;46;9;179;99;Navarrés                                          ;00003;00000;00000;00000;00000;00002318;00000000;00000000;00000000;00000000;00000;00000;
17;46;9;180;99;Novelé/Novetlè                                    ;00001;00000;00000;00000;00000;00000699;00000000;00000000;00000000;00000000;00000;00000;
17;46;9;181;99;Oliva                                             ;00024;00000;00000;00000;00000;00017523;00000000;00000000;00000000;00000000;00000;00000;
17;46;9;182;99;Olocau                                            ;00002;00000;00000;00000;00000;00001258;00000000;00000000;00000000;00000000;00000;00000;
17;46;9;183;99;L'Olleria                                         ;00009;00000;00000;00000;00000;00006163;00000000;00000000;00000000;00000000;00000;00000;
17;46;9;184;99;Ontinyent                                         ;00042;00000;00000;00000;00000;00026781;00000000;00000000;00000000;00000000;00000;00000;
17;46;9;185;99;Otos                                              ;00001;00000;00000;00000;00000;00000404;00000000;00000000;00000000;00000000;00000;00000;
17;46;9;186;99;Paiporta                                          ;00026;00000;00000;00000;00000;00018923;00000000;00000000;00000000;00000000;00000;00000;
17;46;9;187;99;Palma de Gandía                                   ;00002;00000;00000;00000;00000;00001383;00000000;00000000;00000000;00000000;00000;00000;
17;46;9;188;99;Palmera                                           ;00001;00000;00000;00000;00000;00000668;00000000;00000000;00000000;00000000;00000;00000;
17;46;9;189;99;El Palomar                                        ;00001;00000;00000;00000;00000;00000486;00000000;00000000;00000000;00000000;00000;00000;
17;46;9;190;99;Paterna                                           ;00072;00000;00000;00000;00000;00048885;00000000;00000000;00000000;00000000;00000;00000;
17;46;9;191;99;Pedralba                                          ;00003;00000;00000;00000;00000;00002118;00000000;00000000;00000000;00000000;00000;00000;
17;46;9;192;99;Petrés                                            ;00001;00000;00000;00000;00000;00000747;00000000;00000000;00000000;00000000;00000;00000;
17;46;9;193;99;Picanya                                           ;00012;00000;00000;00000;00000;00008646;00000000;00000000;00000000;00000000;00000;00000;
17;46;9;194;99;Picassent                                         ;00023;00000;00000;00000;00000;00015554;00000000;00000000;00000000;00000000;00000;00000;
17;46;9;195;99;Piles                                             ;00002;00000;00000;00000;00000;00002030;00000000;00000000;00000000;00000000;00000;00000;
17;46;9;196;99;Pinet                                             ;00001;00000;00000;00000;00000;00000162;00000000;00000000;00000000;00000000;00000;00000;
17;46;9;197;99;Polinyà de Xúquer                                 ;00002;00000;00000;00000;00000;00001987;00000000;00000000;00000000;00000000;00000;00000;
17;46;9;198;99;Potríes                                           ;00001;00000;00000;00000;00000;00000843;00000000;00000000;00000000;00000000;00000;00000;
17;46;9;199;99;La Pobla de Farnals                               ;00010;00000;00000;00000;00000;00005761;00000000;00000000;00000000;00000000;00000;00000;
17;46;9;200;99;La Pobla del Duc                                  ;00003;00000;00000;00000;00000;00001911;00000000;00000000;00000000;00000000;00000;00000;
17;46;9;201;99;Puebla de San Miguel                              ;00001;00000;00000;00000;00000;00000071;00000000;00000000;00000000;00000000;00000;00000;
17;46;9;202;99;La Pobla de Vallbona                              ;00020;00000;00000;00000;00000;00016504;00000000;00000000;00000000;00000000;00000;00000;
17;46;9;203;99;La Pobla Llarga                                   ;00006;00000;00000;00000;00000;00003605;00000000;00000000;00000000;00000000;00000;00000;
17;46;9;204;99;El Puig de Santa Maria                            ;00008;00000;00000;00000;00000;00006897;00000000;00000000;00000000;00000000;00000;00000;
17;46;9;205;99;Puçol                                             ;00020;00000;00000;00000;00000;00014472;00000000;00000000;00000000;00000000;00000;00000;
17;46;9;206;99;Quesa                                             ;00001;00000;00000;00000;00000;00000582;00000000;00000000;00000000;00000000;00000;00000;
17;46;9;207;99;Rafelbunyol                                       ;00008;00000;00000;00000;00000;00006646;00000000;00000000;00000000;00000000;00000;00000;
17;46;9;208;99;Rafelcofer                                        ;00002;00000;00000;00000;00000;00001123;00000000;00000000;00000000;00000000;00000;00000;
17;46;9;209;99;Rafelguaraf                                       ;00003;00000;00000;00000;00000;00001942;00000000;00000000;00000000;00000000;00000;00000;
17;46;9;210;99;Ráfol de Salem                                    ;00001;00000;00000;00000;00000;00000359;00000000;00000000;00000000;00000000;00000;00000;
17;46;9;211;99;Real de Gandía                                    ;00002;00000;00000;00000;00000;00001744;00000000;00000000;00000000;00000000;00000;00000;
17;46;9;212;99;Real                                              ;00002;00000;00000;00000;00000;00001626;00000000;00000000;00000000;00000000;00000;00000;
17;46;9;213;99;Requena                                           ;00028;00000;00000;00000;00000;00015719;00000000;00000000;00000000;00000000;00000;00000;
17;46;9;214;99;Riba-roja de Túria                                ;00021;00000;00000;00000;00000;00015506;00000000;00000000;00000000;00000000;00000;00000;
17;46;9;215;99;Riola                                             ;00002;00000;00000;00000;00000;00001446;00000000;00000000;00000000;00000000;00000;00000;
17;46;9;216;99;Rocafort                                          ;00007;00000;00000;00000;00000;00004955;00000000;00000000;00000000;00000000;00000;00000;
17;46;9;217;99;Rotglà i Corberà                                  ;00001;00000;00000;00000;00000;00000898;00000000;00000000;00000000;00000000;00000;00000;
17;46;9;218;99;Rótova                                            ;00002;00000;00000;00000;00000;00001063;00000000;00000000;00000000;00000000;00000;00000;
17;46;9;219;99;Rugat                                             ;00001;00000;00000;00000;00000;00000148;00000000;00000000;00000000;00000000;00000;00000;
17;46;9;220;99;Sagunto/Sagunt                                    ;00063;00000;00000;00000;00000;00048760;00000000;00000000;00000000;00000000;00000;00000;
17;46;9;221;99;Salem                                             ;00001;00000;00000;00000;00000;00000349;00000000;00000000;00000000;00000000;00000;00000;
17;46;9;222;99;Sant Joanet                                       ;00001;00000;00000;00000;00000;00000379;00000000;00000000;00000000;00000000;00000;00000;
17;46;9;223;99;Sedaví                                            ;00011;00000;00000;00000;00000;00007753;00000000;00000000;00000000;00000000;00000;00000;
17;46;9;224;99;Segart                                            ;00001;00000;00000;00000;00000;00000180;00000000;00000000;00000000;00000000;00000;00000;
17;46;9;225;99;Sellent                                           ;00001;00000;00000;00000;00000;00000352;00000000;00000000;00000000;00000000;00000;00000;
17;46;9;226;99;Sempere                                           ;00001;00000;00000;00000;00000;00000035;00000000;00000000;00000000;00000000;00000;00000;
17;46;9;227;99;Senyera                                           ;00001;00000;00000;00000;00000;00000921;00000000;00000000;00000000;00000000;00000;00000;
17;46;9;228;99;Serra                                             ;00003;00000;00000;00000;00000;00002435;00000000;00000000;00000000;00000000;00000;00000;
17;46;9;229;99;Siete Aguas                                       ;00002;00000;00000;00000;00000;00000992;00000000;00000000;00000000;00000000;00000;00000;
17;46;9;230;99;Silla                                             ;00022;00000;00000;00000;00000;00014108;00000000;00000000;00000000;00000000;00000;00000;
17;46;9;231;99;Simat de la Valldigna                             ;00004;00000;00000;00000;00000;00002522;00000000;00000000;00000000;00000000;00000;00000;
17;46;9;232;99;Sinarcas                                          ;00001;00000;00000;00000;00000;00000919;00000000;00000000;00000000;00000000;00000;00000;
17;46;9;233;99;Sollana                                           ;00007;00000;00000;00000;00000;00003865;00000000;00000000;00000000;00000000;00000;00000;
17;46;9;234;99;Sot de Chera                                      ;00001;00000;00000;00000;00000;00000341;00000000;00000000;00000000;00000000;00000;00000;
17;46;9;235;99;Sueca                                             ;00030;00000;00000;00000;00000;00021986;00000000;00000000;00000000;00000000;00000;00000;
17;46;9;236;99;Sumacàrcer                                        ;00002;00000;00000;00000;00000;00000998;00000000;00000000;00000000;00000000;00000;00000;
17;46;9;237;99;Tavernes Blanques                                 ;00012;00000;00000;00000;00000;00007275;00000000;00000000;00000000;00000000;00000;00000;
17;46;9;238;99;Tavernes de la Valldigna                          ;00019;00000;00000;00000;00000;00013470;00000000;00000000;00000000;00000000;00000;00000;
17;46;9;239;99;Teresa de Cofrentes                               ;00001;00000;00000;00000;00000;00000481;00000000;00000000;00000000;00000000;00000;00000;
17;46;9;240;99;Terrateig                                         ;00001;00000;00000;00000;00000;00000214;00000000;00000000;00000000;00000000;00000;00000;
17;46;9;241;99;Titaguas                                          ;00001;00000;00000;00000;00000;00000428;00000000;00000000;00000000;00000000;00000;00000;
17;46;9;242;99;Torrebaja                                         ;00001;00000;00000;00000;00000;00000351;00000000;00000000;00000000;00000000;00000;00000;
17;46;9;243;99;Torrella                                          ;00001;00000;00000;00000;00000;00000147;00000000;00000000;00000000;00000000;00000;00000;
17;46;9;244;99;Torrent                                           ;00087;00000;00000;00000;00000;00058718;00000000;00000000;00000000;00000000;00000;00000;
17;46;9;245;99;Torres Torres                                     ;00001;00000;00000;00000;00000;00000507;00000000;00000000;00000000;00000000;00000;00000;
17;46;9;246;99;Tous                                              ;00002;00000;00000;00000;00000;00001081;00000000;00000000;00000000;00000000;00000;00000;
17;46;9;247;99;Tuéjar                                            ;00002;00000;00000;00000;00000;00000976;00000000;00000000;00000000;00000000;00000;00000;
17;46;9;248;99;Turís                                             ;00007;00000;00000;00000;00000;00004986;00000000;00000000;00000000;00000000;00000;00000;
17;46;9;249;99;Utiel                                             ;00018;00000;00000;00000;00000;00009512;00000000;00000000;00000000;00000000;00000;00000;
17;46;9;250;01;Ciutat Vella                                      ;00029;00000;00000;00000;00000;00000000;00000000;00000000;00000000;00000000;00000;00000;
17;46;9;250;02;L'Eixampla                                        ;00046;00000;00000;00000;00000;00000000;00000000;00000000;00000000;00000000;00000;00000;
17;46;9;250;03;Extramurs                                         ;00055;00000;00000;00000;00000;00000000;00000000;00000000;00000000;00000000;00000;00000;
17;46;9;250;04;Campanar                                          ;00037;00000;00000;00000;00000;00000000;00000000;00000000;00000000;00000000;00000;00000;
17;46;9;250;05;Zaidia                                            ;00050;00000;00000;00000;00000;00000000;00000000;00000000;00000000;00000000;00000;00000;
17;46;9;250;06;Pla del Real                                      ;00033;00000;00000;00000;00000;00000000;00000000;00000000;00000000;00000000;00000;00000;
17;46;9;250;07;Olivereta                                         ;00051;00000;00000;00000;00000;00000000;00000000;00000000;00000000;00000000;00000;00000;
17;46;9;250;08;Patraix                                           ;00065;00000;00000;00000;00000;00000000;00000000;00000000;00000000;00000000;00000;00000;
17;46;9;250;09;Jesús                                             ;00058;00000;00000;00000;00000;00000000;00000000;00000000;00000000;00000000;00000;00000;
17;46;9;250;10;Cuatre Carreres                                   ;00076;00000;00000;00000;00000;00000000;00000000;00000000;00000000;00000000;00000;00000;
17;46;9;250;11;Pobl. Maritims                                    ;00062;00000;00000;00000;00000;00000000;00000000;00000000;00000000;00000000;00000;00000;
17;46;9;250;12;Camins al Grao                                    ;00067;00000;00000;00000;00000;00000000;00000000;00000000;00000000;00000000;00000;00000;
17;46;9;250;13;Algiros                                           ;00043;00000;00000;00000;00000;00000000;00000000;00000000;00000000;00000000;00000;00000;
17;46;9;250;14;Benimaclet                                        ;00031;00000;00000;00000;00000;00000000;00000000;00000000;00000000;00000000;00000;00000;
17;46;9;250;15;Rascanya                                          ;00051;00000;00000;00000;00000;00000000;00000000;00000000;00000000;00000000;00000;00000;
17;46;9;250;16;Benicalap                                         ;00048;00000;00000;00000;00000;00000000;00000000;00000000;00000000;00000000;00000;00000;
17;46;9;250;17;Pobl. del Nord                                    ;00009;00000;00000;00000;00000;00000000;00000000;00000000;00000000;00000000;00000;00000;
17;46;9;250;18;Poblats Oest                                      ;00015;00000;00000;00000;00000;00000000;00000000;00000000;00000000;00000000;00000;00000;
17;46;9;250;19;Poblats del Sud                                   ;00025;00000;00000;00000;00000;00000000;00000000;00000000;00000000;00000000;00000;00000;
17;46;9;250;99;Valencia                                          ;00851;00000;00000;00000;00000;00579100;00000000;00000000;00000000;00000000;00000;00000;
17;46;9;251;99;Vallada                                           ;00004;00000;00000;00000;00000;00002594;00000000;00000000;00000000;00000000;00000;00000;
17;46;9;252;99;Vallanca                                          ;00001;00000;00000;00000;00000;00000137;00000000;00000000;00000000;00000000;00000;00000;
17;46;9;253;99;Vallés                                            ;00001;00000;00000;00000;00000;00000114;00000000;00000000;00000000;00000000;00000;00000;
17;46;9;254;99;Venta del Moro                                    ;00002;00000;00000;00000;00000;00001061;00000000;00000000;00000000;00000000;00000;00000;
17;46;9;255;99;Vilallonga/Villalonga                             ;00005;00000;00000;00000;00000;00003176;00000000;00000000;00000000;00000000;00000;00000;
17;46;9;256;99;Vilamarxant                                       ;00008;00000;00000;00000;00000;00006927;00000000;00000000;00000000;00000000;00000;00000;
17;46;9;257;99;Villanueva de Castellón                           ;00008;00000;00000;00000;00000;00005577;00000000;00000000;00000000;00000000;00000;00000;
17;46;9;258;99;Villar del Arzobispo                              ;00005;00000;00000;00000;00000;00002775;00000000;00000000;00000000;00000000;00000;00000;
17;46;9;259;99;Villargordo del Cabriel                           ;00001;00000;00000;00000;00000;00000522;00000000;00000000;00000000;00000000;00000;00000;
17;46;9;260;99;Vinalesa                                          ;00004;00000;00000;00000;00000;00002586;00000000;00000000;00000000;00000000;00000;00000;
17;46;9;261;99;Yátova                                            ;00002;00000;00000;00000;00000;00001744;00000000;00000000;00000000;00000000;00000;00000;
17;46;9;262;99;La Yesa                                           ;00001;00000;00000;00000;00000;00000235;00000000;00000000;00000000;00000000;00000;00000;
17;46;9;263;99;Zarra                                             ;00001;00000;00000;00000;00000;00000328;00000000;00000000;00000000;00000000;00000;00000;
17;46;9;902;99;Gátova                                            ;00001;00000;00000;00000;00000;00000385;00000000;00000000;00000000;00000000;00000;00000;
17;46;9;903;99;San Antonio de Benagéber                          ;00007;00000;00000;00000;00000;00005757;00000000;00000000;00000000;00000000;00000;00000;
17;46;9;904;99;Benicull de Xúquer                                ;00001;00000;00000;00000;00000;00000813;00000000;00000000;00000000;00000000;00000;00000;
