05;35;9;001;99;Agaete                                            ;00006;00000;00000;00000;00000;00004666;00000000;00000000;00000000;00000000;00000;00000;
05;35;9;002;99;Agüimes                                           ;00027;00000;00000;00000;00000;00022955;00000000;00000000;00000000;00000000;00000;00000;
05;35;9;003;99;Antigua                                           ;00008;00000;00000;00000;00000;00005808;00000000;00000000;00000000;00000000;00000;00000;
05;35;9;004;99;Arrecife                                          ;00045;00000;00000;00000;00000;00037831;00000000;00000000;00000000;00000000;00000;00000;
05;35;9;005;99;Artenara                                          ;00001;00000;00000;00000;00000;00001096;00000000;00000000;00000000;00000000;00000;00000;
05;35;9;006;99;Arucas                                            ;00039;00000;00000;00000;00000;00030036;00000000;00000000;00000000;00000000;00000;00000;
05;35;9;007;99;Betancuria                                        ;00001;00000;00000;00000;00000;00000588;00000000;00000000;00000000;00000000;00000;00000;
05;35;9;008;99;Firgas                                            ;00007;00000;00000;00000;00000;00006205;00000000;00000000;00000000;00000000;00000;00000;
05;35;9;009;99;Gáldar                                            ;00026;00000;00000;00000;00000;00019685;00000000;00000000;00000000;00000000;00000;00000;
05;35;9;010;99;Haría                                             ;00006;00000;00000;00000;00000;00003736;00000000;00000000;00000000;00000000;00000;00000;
05;35;9;011;99;Ingenio                                           ;00029;00000;00000;00000;00000;00023641;00000000;00000000;00000000;00000000;00000;00000;
05;35;9;012;99;Mogán                                             ;00015;00000;00000;00000;00000;00010505;00000000;00000000;00000000;00000000;00000;00000;
05;35;9;013;99;Moya                                              ;00012;00000;00000;00000;00000;00006631;00000000;00000000;00000000;00000000;00000;00000;
05;35;9;014;99;La Oliva                                          ;00014;00000;00000;00000;00000;00011692;00000000;00000000;00000000;00000000;00000;00000;
05;35;9;015;99;Pájara                                            ;00014;00000;00000;00000;00000;00010565;00000000;00000000;00000000;00000000;00000;00000;
05;35;9;016;99;Las Palmas de Gran Canaria                        ;00377;00000;00000;00000;00000;00298576;00000000;00000000;00000000;00000000;00000;00000;
05;35;9;017;99;Puerto del Rosario                                ;00030;00000;00000;00000;00000;00024317;00000000;00000000;00000000;00000000;00000;00000;
05;35;9;018;99;San Bartolomé                                     ;00017;00000;00000;00000;00000;00012479;00000000;00000000;00000000;00000000;00000;00000;
05;35;9;019;99;San Bartolomé de Tirajana                         ;00045;00000;00000;00000;00000;00032769;00000000;00000000;00000000;00000000;00000;00000;
05;35;9;020;99;La Aldea de San Nicolás                           ;00010;00000;00000;00000;00000;00006142;00000000;00000000;00000000;00000000;00000;00000;
05;35;9;021;99;Santa Brígida                                     ;00020;00000;00000;00000;00000;00015132;00000000;00000000;00000000;00000000;00000;00000;
05;35;9;022;99;Santa Lucía de Tirajana                           ;00055;00000;00000;00000;00000;00047053;00000000;00000000;00000000;00000000;00000;00000;
05;35;9;023;99;Santa María de Guía de Gran Canaria               ;00017;00000;00000;00000;00000;00011719;00000000;00000000;00000000;00000000;00000;00000;
05;35;9;024;99;Teguise                                           ;00018;00000;00000;00000;00000;00013816;00000000;00000000;00000000;00000000;00000;00000;
05;35;9;025;99;Tejeda                                            ;00003;00000;00000;00000;00000;00001821;00000000;00000000;00000000;00000000;00000;00000;
05;35;9;026;99;Telde                                             ;00104;00000;00000;00000;00000;00080532;00000000;00000000;00000000;00000000;00000;00000;
05;35;9;027;99;Teror                                             ;00014;00000;00000;00000;00000;00010420;00000000;00000000;00000000;00000000;00000;00000;
05;35;9;028;99;Tías                                              ;00012;00000;00000;00000;00000;00010054;00000000;00000000;00000000;00000000;00000;00000;
05;35;9;029;99;Tinajo                                            ;00006;00000;00000;00000;00000;00004148;00000000;00000000;00000000;00000000;00000;00000;
05;35;9;030;99;Tuineje                                           ;00012;00000;00000;00000;00000;00009285;00000000;00000000;00000000;00000000;00000;00000;
05;35;9;031;99;Valsequillo de Gran Canaria                       ;00010;00000;00000;00000;00000;00007231;00000000;00000000;00000000;00000000;00000;00000;
05;35;9;032;99;Valleseco                                         ;00005;00000;00000;00000;00000;00003463;00000000;00000000;00000000;00000000;00000;00000;
05;35;9;033;99;Vega de San Mateo                                 ;00007;00000;00000;00000;00000;00006420;00000000;00000000;00000000;00000000;00000;00000;
05;35;9;034;99;Yaiza                                             ;00009;00000;00000;00000;00000;00007449;00000000;00000000;00000000;00000000;00000;00000;
