13;31;9;001;99;Abáigar                                           ;00001;00000;00000;00000;00000;00000089;00000000;00000000;00000000;00000000;00000;00000;
13;31;9;002;99;Abárzuza/Abartzuza                                ;00001;00000;00000;00000;00000;00000420;00000000;00000000;00000000;00000000;00000;00000;
13;31;9;003;99;Abaurregaina/Abaurrea Alta                        ;00001;00000;00000;00000;00000;00000127;00000000;00000000;00000000;00000000;00000;00000;
13;31;9;004;99;Abaurrepea/Abaurrea Baja                          ;00001;00000;00000;00000;00000;00000037;00000000;00000000;00000000;00000000;00000;00000;
13;31;9;005;99;Aberin                                            ;00001;00000;00000;00000;00000;00000313;00000000;00000000;00000000;00000000;00000;00000;
13;31;9;006;99;Ablitas                                           ;00002;00000;00000;00000;00000;00001956;00000000;00000000;00000000;00000000;00000;00000;
13;31;9;007;99;Adiós                                             ;00001;00000;00000;00000;00000;00000133;00000000;00000000;00000000;00000000;00000;00000;
13;31;9;008;99;Aguilar de Codés                                  ;00001;00000;00000;00000;00000;00000088;00000000;00000000;00000000;00000000;00000;00000;
13;31;9;009;99;Aibar/Oibar                                       ;00001;00000;00000;00000;00000;00000702;00000000;00000000;00000000;00000000;00000;00000;
13;31;9;010;99;Altsasu/Alsasua                                   ;00007;00000;00000;00000;00000;00005771;00000000;00000000;00000000;00000000;00000;00000;
13;31;9;011;99;Allín/Allin                                       ;00001;00000;00000;00000;00000;00000688;00000000;00000000;00000000;00000000;00000;00000;
13;31;9;012;99;Allo                                              ;00001;00000;00000;00000;00000;00000820;00000000;00000000;00000000;00000000;00000;00000;
13;31;9;013;99;Améscoa Baja                                      ;00001;00000;00000;00000;00000;00000658;00000000;00000000;00000000;00000000;00000;00000;
13;31;9;014;99;Ancín/Antzin                                      ;00001;00000;00000;00000;00000;00000282;00000000;00000000;00000000;00000000;00000;00000;
13;31;9;015;99;Andosilla                                         ;00003;00000;00000;00000;00000;00001987;00000000;00000000;00000000;00000000;00000;00000;
13;31;9;016;99;Ansoáin/Antsoain                                  ;00010;00000;00000;00000;00000;00007529;00000000;00000000;00000000;00000000;00000;00000;
13;31;9;017;99;Anue                                              ;00001;00000;00000;00000;00000;00000360;00000000;00000000;00000000;00000000;00000;00000;
13;31;9;018;99;Añorbe                                            ;00001;00000;00000;00000;00000;00000415;00000000;00000000;00000000;00000000;00000;00000;
13;31;9;019;99;Aoiz/Agoitz                                       ;00002;00000;00000;00000;00000;00001881;00000000;00000000;00000000;00000000;00000;00000;
13;31;9;020;99;Araitz                                            ;00001;00000;00000;00000;00000;00000457;00000000;00000000;00000000;00000000;00000;00000;
13;31;9;021;99;Aranarache/Aranaratxe                             ;00001;00000;00000;00000;00000;00000069;00000000;00000000;00000000;00000000;00000;00000;
13;31;9;022;99;Arantza                                           ;00001;00000;00000;00000;00000;00000527;00000000;00000000;00000000;00000000;00000;00000;
13;31;9;023;99;Aranguren                                         ;00007;00000;00000;00000;00000;00006363;00000000;00000000;00000000;00000000;00000;00000;
13;31;9;024;99;Arano                                             ;00001;00000;00000;00000;00000;00000100;00000000;00000000;00000000;00000000;00000;00000;
13;31;9;025;99;Arakil                                            ;00002;00000;00000;00000;00000;00000747;00000000;00000000;00000000;00000000;00000;00000;
13;31;9;026;99;Aras                                              ;00001;00000;00000;00000;00000;00000152;00000000;00000000;00000000;00000000;00000;00000;
13;31;9;027;99;Arbizu                                            ;00001;00000;00000;00000;00000;00000836;00000000;00000000;00000000;00000000;00000;00000;
13;31;9;028;99;Arce/Artzi                                        ;00001;00000;00000;00000;00000;00000223;00000000;00000000;00000000;00000000;00000;00000;
13;31;9;029;99;Los Arcos                                         ;00001;00000;00000;00000;00000;00000953;00000000;00000000;00000000;00000000;00000;00000;
13;31;9;030;99;Arellano                                          ;00001;00000;00000;00000;00000;00000155;00000000;00000000;00000000;00000000;00000;00000;
13;31;9;031;99;Areso                                             ;00001;00000;00000;00000;00000;00000228;00000000;00000000;00000000;00000000;00000;00000;
13;31;9;032;99;Arguedas                                          ;00003;00000;00000;00000;00000;00001740;00000000;00000000;00000000;00000000;00000;00000;
13;31;9;033;99;Aria                                              ;00001;00000;00000;00000;00000;00000053;00000000;00000000;00000000;00000000;00000;00000;
13;31;9;034;99;Aribe                                             ;00001;00000;00000;00000;00000;00000041;00000000;00000000;00000000;00000000;00000;00000;
13;31;9;035;99;Armañanzas                                        ;00001;00000;00000;00000;00000;00000058;00000000;00000000;00000000;00000000;00000;00000;
13;31;9;036;99;Arróniz                                           ;00001;00000;00000;00000;00000;00000927;00000000;00000000;00000000;00000000;00000;00000;
13;31;9;037;99;Arruazu                                           ;00001;00000;00000;00000;00000;00000090;00000000;00000000;00000000;00000000;00000;00000;
13;31;9;038;99;Artajona                                          ;00002;00000;00000;00000;00000;00001357;00000000;00000000;00000000;00000000;00000;00000;
13;31;9;039;99;Artazu                                            ;00001;00000;00000;00000;00000;00000088;00000000;00000000;00000000;00000000;00000;00000;
13;31;9;040;99;Atez/Atetz                                        ;00001;00000;00000;00000;00000;00000190;00000000;00000000;00000000;00000000;00000;00000;
13;31;9;041;99;Ayegui/Aiegi                                      ;00002;00000;00000;00000;00000;00001542;00000000;00000000;00000000;00000000;00000;00000;
13;31;9;042;99;Azagra                                            ;00004;00000;00000;00000;00000;00002737;00000000;00000000;00000000;00000000;00000;00000;
13;31;9;043;99;Azuelo                                            ;00001;00000;00000;00000;00000;00000038;00000000;00000000;00000000;00000000;00000;00000;
13;31;9;044;99;Bakaiku                                           ;00001;00000;00000;00000;00000;00000280;00000000;00000000;00000000;00000000;00000;00000;
13;31;9;045;99;Barásoain                                         ;00001;00000;00000;00000;00000;00000507;00000000;00000000;00000000;00000000;00000;00000;
13;31;9;046;99;Barbarin                                          ;00001;00000;00000;00000;00000;00000060;00000000;00000000;00000000;00000000;00000;00000;
13;31;9;047;99;Bargota                                           ;00001;00000;00000;00000;00000;00000268;00000000;00000000;00000000;00000000;00000;00000;
13;31;9;048;99;Barillas                                          ;00001;00000;00000;00000;00000;00000160;00000000;00000000;00000000;00000000;00000;00000;
13;31;9;049;99;Basaburua                                         ;00001;00000;00000;00000;00000;00000714;00000000;00000000;00000000;00000000;00000;00000;
13;31;9;050;99;Baztan                                            ;00012;00000;00000;00000;00000;00006104;00000000;00000000;00000000;00000000;00000;00000;
13;31;9;051;99;Beire                                             ;00001;00000;00000;00000;00000;00000253;00000000;00000000;00000000;00000000;00000;00000;
13;31;9;052;99;Belascoáin                                        ;00001;00000;00000;00000;00000;00000094;00000000;00000000;00000000;00000000;00000;00000;
13;31;9;053;99;Berbinzana                                        ;00001;00000;00000;00000;00000;00000556;00000000;00000000;00000000;00000000;00000;00000;
13;31;9;054;99;Bertizarana                                       ;00001;00000;00000;00000;00000;00000473;00000000;00000000;00000000;00000000;00000;00000;
13;31;9;055;99;Betelu                                            ;00001;00000;00000;00000;00000;00000257;00000000;00000000;00000000;00000000;00000;00000;
13;31;9;056;99;Biurrun-Olcoz                                     ;00001;00000;00000;00000;00000;00000183;00000000;00000000;00000000;00000000;00000;00000;
13;31;9;057;99;Buñuel                                            ;00002;00000;00000;00000;00000;00001820;00000000;00000000;00000000;00000000;00000;00000;
13;31;9;058;99;Auritz/Burguete                                   ;00001;00000;00000;00000;00000;00000221;00000000;00000000;00000000;00000000;00000;00000;
13;31;9;059;99;Burgui/Burgi                                      ;00001;00000;00000;00000;00000;00000198;00000000;00000000;00000000;00000000;00000;00000;
13;31;9;060;99;Burlada/Burlata                                   ;00015;00000;00000;00000;00000;00013430;00000000;00000000;00000000;00000000;00000;00000;
13;31;9;061;99;El Busto                                          ;00001;00000;00000;00000;00000;00000061;00000000;00000000;00000000;00000000;00000;00000;
13;31;9;062;99;Cabanillas                                        ;00002;00000;00000;00000;00000;00001098;00000000;00000000;00000000;00000000;00000;00000;
13;31;9;063;99;Cabredo                                           ;00001;00000;00000;00000;00000;00000086;00000000;00000000;00000000;00000000;00000;00000;
13;31;9;064;99;Cadreita                                          ;00002;00000;00000;00000;00000;00001499;00000000;00000000;00000000;00000000;00000;00000;
13;31;9;065;99;Caparroso                                         ;00003;00000;00000;00000;00000;00001939;00000000;00000000;00000000;00000000;00000;00000;
13;31;9;066;99;Cárcar                                            ;00001;00000;00000;00000;00000;00000870;00000000;00000000;00000000;00000000;00000;00000;
13;31;9;067;99;Carcastillo                                       ;00003;00000;00000;00000;00000;00001990;00000000;00000000;00000000;00000000;00000;00000;
13;31;9;068;99;Cascante                                          ;00005;00000;00000;00000;00000;00002961;00000000;00000000;00000000;00000000;00000;00000;
13;31;9;069;99;Cáseda                                            ;00001;00000;00000;00000;00000;00000864;00000000;00000000;00000000;00000000;00000;00000;
13;31;9;070;99;Castejón                                          ;00004;00000;00000;00000;00000;00002687;00000000;00000000;00000000;00000000;00000;00000;
13;31;9;071;99;Castillonuevo                                     ;00001;00000;00000;00000;00000;00000018;00000000;00000000;00000000;00000000;00000;00000;
13;31;9;072;99;Cintruénigo                                       ;00007;00000;00000;00000;00000;00005214;00000000;00000000;00000000;00000000;00000;00000;
13;31;9;073;99;Ziordia                                           ;00001;00000;00000;00000;00000;00000326;00000000;00000000;00000000;00000000;00000;00000;
13;31;9;074;99;Cirauqui/Zirauki                                  ;00001;00000;00000;00000;00000;00000397;00000000;00000000;00000000;00000000;00000;00000;
13;31;9;075;99;Ciriza/Ziritza                                    ;00001;00000;00000;00000;00000;00000094;00000000;00000000;00000000;00000000;00000;00000;
13;31;9;076;99;Cizur                                             ;00004;00000;00000;00000;00000;00002413;00000000;00000000;00000000;00000000;00000;00000;
13;31;9;077;99;Corella                                           ;00008;00000;00000;00000;00000;00005423;00000000;00000000;00000000;00000000;00000;00000;
13;31;9;078;99;Cortes                                            ;00003;00000;00000;00000;00000;00002473;00000000;00000000;00000000;00000000;00000;00000;
13;31;9;079;99;Desojo                                            ;00001;00000;00000;00000;00000;00000081;00000000;00000000;00000000;00000000;00000;00000;
13;31;9;080;99;Dicastillo                                        ;00001;00000;00000;00000;00000;00000524;00000000;00000000;00000000;00000000;00000;00000;
13;31;9;081;99;Donamaria                                         ;00001;00000;00000;00000;00000;00000349;00000000;00000000;00000000;00000000;00000;00000;
13;31;9;082;99;Etxalar                                           ;00001;00000;00000;00000;00000;00000629;00000000;00000000;00000000;00000000;00000;00000;
13;31;9;083;99;Echarri                                           ;00001;00000;00000;00000;00000;00000053;00000000;00000000;00000000;00000000;00000;00000;
13;31;9;084;99;Etxarri-Aranatz                                   ;00002;00000;00000;00000;00000;00001965;00000000;00000000;00000000;00000000;00000;00000;
13;31;9;085;99;Etxauri                                           ;00001;00000;00000;00000;00000;00000457;00000000;00000000;00000000;00000000;00000;00000;
13;31;9;086;99;Egüés                                             ;00016;00000;00000;00000;00000;00012686;00000000;00000000;00000000;00000000;00000;00000;
13;31;9;087;99;Elgorriaga                                        ;00001;00000;00000;00000;00000;00000170;00000000;00000000;00000000;00000000;00000;00000;
13;31;9;088;99;Noáin (Valle de Elorz)/Noain (Elortzibar)         ;00007;00000;00000;00000;00000;00005535;00000000;00000000;00000000;00000000;00000;00000;
13;31;9;089;99;Enériz/Eneritz                                    ;00001;00000;00000;00000;00000;00000243;00000000;00000000;00000000;00000000;00000;00000;
13;31;9;090;99;Eratsun                                           ;00001;00000;00000;00000;00000;00000151;00000000;00000000;00000000;00000000;00000;00000;
13;31;9;091;99;Ergoiena                                          ;00001;00000;00000;00000;00000;00000353;00000000;00000000;00000000;00000000;00000;00000;
13;31;9;092;99;Erro                                              ;00002;00000;00000;00000;00000;00000671;00000000;00000000;00000000;00000000;00000;00000;
13;31;9;093;99;Ezcároz/Ezkaroze                                  ;00001;00000;00000;00000;00000;00000305;00000000;00000000;00000000;00000000;00000;00000;
13;31;9;094;99;Eslava                                            ;00001;00000;00000;00000;00000;00000115;00000000;00000000;00000000;00000000;00000;00000;
13;31;9;095;99;Esparza de Salazar/Espartza Zaraitzu              ;00001;00000;00000;00000;00000;00000074;00000000;00000000;00000000;00000000;00000;00000;
13;31;9;096;99;Espronceda                                        ;00001;00000;00000;00000;00000;00000119;00000000;00000000;00000000;00000000;00000;00000;
13;31;9;097;99;Estella-Lizarra                                   ;00014;00000;00000;00000;00000;00010417;00000000;00000000;00000000;00000000;00000;00000;
13;31;9;098;99;Esteribar                                         ;00004;00000;00000;00000;00000;00001884;00000000;00000000;00000000;00000000;00000;00000;
13;31;9;099;99;Etayo                                             ;00001;00000;00000;00000;00000;00000071;00000000;00000000;00000000;00000000;00000;00000;
13;31;9;100;99;Eulate                                            ;00001;00000;00000;00000;00000;00000272;00000000;00000000;00000000;00000000;00000;00000;
13;31;9;101;99;Ezcabarte                                         ;00002;00000;00000;00000;00000;00001378;00000000;00000000;00000000;00000000;00000;00000;
13;31;9;102;99;Ezkurra                                           ;00001;00000;00000;00000;00000;00000147;00000000;00000000;00000000;00000000;00000;00000;
13;31;9;103;99;Ezprogui                                          ;00001;00000;00000;00000;00000;00000046;00000000;00000000;00000000;00000000;00000;00000;
13;31;9;104;99;Falces                                            ;00002;00000;00000;00000;00000;00001929;00000000;00000000;00000000;00000000;00000;00000;
13;31;9;105;99;Fitero                                            ;00003;00000;00000;00000;00000;00001560;00000000;00000000;00000000;00000000;00000;00000;
13;31;9;106;99;Fontellas                                         ;00001;00000;00000;00000;00000;00000688;00000000;00000000;00000000;00000000;00000;00000;
13;31;9;107;99;Funes                                             ;00002;00000;00000;00000;00000;00001693;00000000;00000000;00000000;00000000;00000;00000;
13;31;9;108;99;Fustiñana                                         ;00003;00000;00000;00000;00000;00001902;00000000;00000000;00000000;00000000;00000;00000;
13;31;9;109;99;Galar                                             ;00002;00000;00000;00000;00000;00001488;00000000;00000000;00000000;00000000;00000;00000;
13;31;9;110;99;Gallipienzo/Galipentzu                            ;00001;00000;00000;00000;00000;00000099;00000000;00000000;00000000;00000000;00000;00000;
13;31;9;111;99;Gallués/Galoze                                    ;00001;00000;00000;00000;00000;00000087;00000000;00000000;00000000;00000000;00000;00000;
13;31;9;112;99;Garaioa                                           ;00001;00000;00000;00000;00000;00000100;00000000;00000000;00000000;00000000;00000;00000;
13;31;9;113;99;Garde                                             ;00001;00000;00000;00000;00000;00000139;00000000;00000000;00000000;00000000;00000;00000;
13;31;9;114;99;Garínoain                                         ;00001;00000;00000;00000;00000;00000367;00000000;00000000;00000000;00000000;00000;00000;
13;31;9;115;99;Garralda                                          ;00001;00000;00000;00000;00000;00000171;00000000;00000000;00000000;00000000;00000;00000;
13;31;9;116;99;Genevilla                                         ;00001;00000;00000;00000;00000;00000068;00000000;00000000;00000000;00000000;00000;00000;
13;31;9;117;99;Goizueta                                          ;00001;00000;00000;00000;00000;00000642;00000000;00000000;00000000;00000000;00000;00000;
13;31;9;118;99;Goñi                                              ;00001;00000;00000;00000;00000;00000169;00000000;00000000;00000000;00000000;00000;00000;
13;31;9;119;99;Güesa/Gorza                                       ;00001;00000;00000;00000;00000;00000042;00000000;00000000;00000000;00000000;00000;00000;
13;31;9;120;99;Guesálaz/Gesalatz                                 ;00001;00000;00000;00000;00000;00000400;00000000;00000000;00000000;00000000;00000;00000;
13;31;9;121;99;Guirguillano                                      ;00001;00000;00000;00000;00000;00000070;00000000;00000000;00000000;00000000;00000;00000;
13;31;9;122;99;Huarte/Uharte                                     ;00007;00000;00000;00000;00000;00004847;00000000;00000000;00000000;00000000;00000;00000;
13;31;9;123;99;Uharte-Arakil                                     ;00001;00000;00000;00000;00000;00000659;00000000;00000000;00000000;00000000;00000;00000;
13;31;9;124;99;Ibargoiti                                         ;00001;00000;00000;00000;00000;00000218;00000000;00000000;00000000;00000000;00000;00000;
13;31;9;125;99;Igúzquiza                                         ;00001;00000;00000;00000;00000;00000272;00000000;00000000;00000000;00000000;00000;00000;
13;31;9;126;99;Imotz                                             ;00001;00000;00000;00000;00000;00000369;00000000;00000000;00000000;00000000;00000;00000;
13;31;9;127;99;Irañeta                                           ;00001;00000;00000;00000;00000;00000139;00000000;00000000;00000000;00000000;00000;00000;
13;31;9;128;99;Isaba/Izaba                                       ;00001;00000;00000;00000;00000;00000389;00000000;00000000;00000000;00000000;00000;00000;
13;31;9;129;99;Ituren                                            ;00001;00000;00000;00000;00000;00000403;00000000;00000000;00000000;00000000;00000;00000;
13;31;9;130;99;Iturmendi                                         ;00001;00000;00000;00000;00000;00000310;00000000;00000000;00000000;00000000;00000;00000;
13;31;9;131;99;Iza/Itza                                          ;00001;00000;00000;00000;00000;00000873;00000000;00000000;00000000;00000000;00000;00000;
13;31;9;132;99;Izagaondoa                                        ;00001;00000;00000;00000;00000;00000152;00000000;00000000;00000000;00000000;00000;00000;
13;31;9;133;99;Izalzu/Itzaltzu                                   ;00001;00000;00000;00000;00000;00000044;00000000;00000000;00000000;00000000;00000;00000;
13;31;9;134;99;Jaurrieta                                         ;00001;00000;00000;00000;00000;00000189;00000000;00000000;00000000;00000000;00000;00000;
13;31;9;135;99;Javier                                            ;00001;00000;00000;00000;00000;00000107;00000000;00000000;00000000;00000000;00000;00000;
13;31;9;136;99;Juslapeña                                         ;00001;00000;00000;00000;00000;00000435;00000000;00000000;00000000;00000000;00000;00000;
13;31;9;137;99;Beintza-Labaien                                   ;00001;00000;00000;00000;00000;00000206;00000000;00000000;00000000;00000000;00000;00000;
13;31;9;138;99;Lakuntza                                          ;00001;00000;00000;00000;00000;00000933;00000000;00000000;00000000;00000000;00000;00000;
13;31;9;139;99;Lana                                              ;00001;00000;00000;00000;00000;00000168;00000000;00000000;00000000;00000000;00000;00000;
13;31;9;140;99;Lantz                                             ;00001;00000;00000;00000;00000;00000117;00000000;00000000;00000000;00000000;00000;00000;
13;31;9;141;99;Lapoblación                                       ;00001;00000;00000;00000;00000;00000131;00000000;00000000;00000000;00000000;00000;00000;
13;31;9;142;99;Larraga                                           ;00002;00000;00000;00000;00000;00001442;00000000;00000000;00000000;00000000;00000;00000;
13;31;9;143;99;Larraona                                          ;00001;00000;00000;00000;00000;00000104;00000000;00000000;00000000;00000000;00000;00000;
13;31;9;144;99;Larraun                                           ;00001;00000;00000;00000;00000;00000811;00000000;00000000;00000000;00000000;00000;00000;
13;31;9;145;99;Lazagurría                                        ;00001;00000;00000;00000;00000;00000171;00000000;00000000;00000000;00000000;00000;00000;
13;31;9;146;99;Leache/Leatxe                                     ;00001;00000;00000;00000;00000;00000042;00000000;00000000;00000000;00000000;00000;00000;
13;31;9;147;99;Legarda                                           ;00001;00000;00000;00000;00000;00000101;00000000;00000000;00000000;00000000;00000;00000;
13;31;9;148;99;Legaria                                           ;00001;00000;00000;00000;00000;00000094;00000000;00000000;00000000;00000000;00000;00000;
13;31;9;149;99;Leitza                                            ;00004;00000;00000;00000;00000;00002357;00000000;00000000;00000000;00000000;00000;00000;
13;31;9;150;99;Leoz/Leotz                                        ;00001;00000;00000;00000;00000;00000226;00000000;00000000;00000000;00000000;00000;00000;
13;31;9;151;99;Lerga                                             ;00001;00000;00000;00000;00000;00000067;00000000;00000000;00000000;00000000;00000;00000;
13;31;9;152;99;Lerín                                             ;00002;00000;00000;00000;00000;00001384;00000000;00000000;00000000;00000000;00000;00000;
13;31;9;153;99;Lesaka                                            ;00003;00000;00000;00000;00000;00002180;00000000;00000000;00000000;00000000;00000;00000;
13;31;9;154;99;Lezáun                                            ;00001;00000;00000;00000;00000;00000226;00000000;00000000;00000000;00000000;00000;00000;
13;31;9;155;99;Liédena                                           ;00001;00000;00000;00000;00000;00000260;00000000;00000000;00000000;00000000;00000;00000;
13;31;9;156;99;Lizoáin-Arriasgoiti                               ;00001;00000;00000;00000;00000;00000262;00000000;00000000;00000000;00000000;00000;00000;
13;31;9;157;99;Lodosa                                            ;00006;00000;00000;00000;00000;00003540;00000000;00000000;00000000;00000000;00000;00000;
13;31;9;158;99;Lónguida/Longida                                  ;00001;00000;00000;00000;00000;00000259;00000000;00000000;00000000;00000000;00000;00000;
13;31;9;159;99;Lumbier                                           ;00001;00000;00000;00000;00000;00001153;00000000;00000000;00000000;00000000;00000;00000;
13;31;9;160;99;Luquin                                            ;00001;00000;00000;00000;00000;00000111;00000000;00000000;00000000;00000000;00000;00000;
13;31;9;161;99;Mañeru                                            ;00001;00000;00000;00000;00000;00000342;00000000;00000000;00000000;00000000;00000;00000;
13;31;9;162;99;Marañón                                           ;00001;00000;00000;00000;00000;00000048;00000000;00000000;00000000;00000000;00000;00000;
13;31;9;163;99;Marcilla                                          ;00003;00000;00000;00000;00000;00002023;00000000;00000000;00000000;00000000;00000;00000;
13;31;9;164;99;Mélida                                            ;00001;00000;00000;00000;00000;00000587;00000000;00000000;00000000;00000000;00000;00000;
13;31;9;165;99;Mendavia                                          ;00004;00000;00000;00000;00000;00002837;00000000;00000000;00000000;00000000;00000;00000;
13;31;9;166;99;Mendaza                                           ;00001;00000;00000;00000;00000;00000265;00000000;00000000;00000000;00000000;00000;00000;
13;31;9;167;99;Mendigorría                                       ;00001;00000;00000;00000;00000;00000853;00000000;00000000;00000000;00000000;00000;00000;
13;31;9;168;99;Metauten                                          ;00001;00000;00000;00000;00000;00000249;00000000;00000000;00000000;00000000;00000;00000;
13;31;9;169;99;Milagro                                           ;00003;00000;00000;00000;00000;00002225;00000000;00000000;00000000;00000000;00000;00000;
13;31;9;170;99;Mirafuentes                                       ;00001;00000;00000;00000;00000;00000046;00000000;00000000;00000000;00000000;00000;00000;
13;31;9;171;99;Miranda de Arga                                   ;00001;00000;00000;00000;00000;00000708;00000000;00000000;00000000;00000000;00000;00000;
13;31;9;172;99;Monreal/Elo                                       ;00001;00000;00000;00000;00000;00000367;00000000;00000000;00000000;00000000;00000;00000;
13;31;9;173;99;Monteagudo                                        ;00002;00000;00000;00000;00000;00000874;00000000;00000000;00000000;00000000;00000;00000;
13;31;9;174;99;Morentin                                          ;00001;00000;00000;00000;00000;00000115;00000000;00000000;00000000;00000000;00000;00000;
13;31;9;175;99;Mues                                              ;00001;00000;00000;00000;00000;00000071;00000000;00000000;00000000;00000000;00000;00000;
13;31;9;176;99;Murchante                                         ;00003;00000;00000;00000;00000;00002842;00000000;00000000;00000000;00000000;00000;00000;
13;31;9;177;99;Murieta                                           ;00001;00000;00000;00000;00000;00000264;00000000;00000000;00000000;00000000;00000;00000;
13;31;9;178;99;Murillo el Cuende                                 ;00001;00000;00000;00000;00000;00000509;00000000;00000000;00000000;00000000;00000;00000;
13;31;9;179;99;Murillo el Fruto                                  ;00001;00000;00000;00000;00000;00000535;00000000;00000000;00000000;00000000;00000;00000;
13;31;9;180;99;Muruzábal                                         ;00001;00000;00000;00000;00000;00000226;00000000;00000000;00000000;00000000;00000;00000;
13;31;9;181;99;Navascués/Nabaskoze                               ;00001;00000;00000;00000;00000;00000156;00000000;00000000;00000000;00000000;00000;00000;
13;31;9;182;99;Nazar                                             ;00001;00000;00000;00000;00000;00000040;00000000;00000000;00000000;00000000;00000;00000;
13;31;9;183;99;Obanos                                            ;00001;00000;00000;00000;00000;00000680;00000000;00000000;00000000;00000000;00000;00000;
13;31;9;184;99;Oco                                               ;00001;00000;00000;00000;00000;00000060;00000000;00000000;00000000;00000000;00000;00000;
13;31;9;185;99;Ochagavía/Otsagabia                               ;00001;00000;00000;00000;00000;00000526;00000000;00000000;00000000;00000000;00000;00000;
13;31;9;186;99;Odieta                                            ;00001;00000;00000;00000;00000;00000300;00000000;00000000;00000000;00000000;00000;00000;
13;31;9;187;99;Oitz                                              ;00001;00000;00000;00000;00000;00000109;00000000;00000000;00000000;00000000;00000;00000;
13;31;9;188;99;Olaibar                                           ;00001;00000;00000;00000;00000;00000212;00000000;00000000;00000000;00000000;00000;00000;
13;31;9;189;99;Olazti/Olazagutía                                 ;00001;00000;00000;00000;00000;00001167;00000000;00000000;00000000;00000000;00000;00000;
13;31;9;190;99;Olejua                                            ;00001;00000;00000;00000;00000;00000049;00000000;00000000;00000000;00000000;00000;00000;
13;31;9;191;99;Olite/Erriberri                                   ;00004;00000;00000;00000;00000;00003012;00000000;00000000;00000000;00000000;00000;00000;
13;31;9;192;99;Olóriz/Oloritz                                    ;00001;00000;00000;00000;00000;00000156;00000000;00000000;00000000;00000000;00000;00000;
13;31;9;193;99;Cendea de Olza/Oltza Zendea                       ;00003;00000;00000;00000;00000;00001389;00000000;00000000;00000000;00000000;00000;00000;
13;31;9;194;99;Ollo                                              ;00001;00000;00000;00000;00000;00000315;00000000;00000000;00000000;00000000;00000;00000;
13;31;9;195;99;Orbaizeta                                         ;00001;00000;00000;00000;00000;00000185;00000000;00000000;00000000;00000000;00000;00000;
13;31;9;196;99;Orbara                                            ;00001;00000;00000;00000;00000;00000041;00000000;00000000;00000000;00000000;00000;00000;
13;31;9;197;99;Orísoain                                          ;00001;00000;00000;00000;00000;00000072;00000000;00000000;00000000;00000000;00000;00000;
13;31;9;198;99;Oronz/Orontze                                     ;00001;00000;00000;00000;00000;00000035;00000000;00000000;00000000;00000000;00000;00000;
13;31;9;199;99;Oroz-Betelu/Orotz-Betelu                          ;00001;00000;00000;00000;00000;00000154;00000000;00000000;00000000;00000000;00000;00000;
13;31;9;200;99;Oteiza                                            ;00001;00000;00000;00000;00000;00000769;00000000;00000000;00000000;00000000;00000;00000;
13;31;9;201;99;Pamplona/Iruña                                    ;00179;00000;00000;00000;00000;00146863;00000000;00000000;00000000;00000000;00000;00000;
13;31;9;202;99;Peralta/Azkoien                                   ;00005;00000;00000;00000;00000;00004302;00000000;00000000;00000000;00000000;00000;00000;
13;31;9;203;99;Petilla de Aragón                                 ;00001;00000;00000;00000;00000;00000039;00000000;00000000;00000000;00000000;00000;00000;
13;31;9;204;99;Piedramillera                                     ;00001;00000;00000;00000;00000;00000040;00000000;00000000;00000000;00000000;00000;00000;
13;31;9;205;99;Pitillas                                          ;00001;00000;00000;00000;00000;00000450;00000000;00000000;00000000;00000000;00000;00000;
13;31;9;206;99;Puente la Reina/Gares                             ;00002;00000;00000;00000;00000;00002083;00000000;00000000;00000000;00000000;00000;00000;
13;31;9;207;99;Pueyo                                             ;00001;00000;00000;00000;00000;00000284;00000000;00000000;00000000;00000000;00000;00000;
13;31;9;208;99;Ribaforada                                        ;00003;00000;00000;00000;00000;00002582;00000000;00000000;00000000;00000000;00000;00000;
13;31;9;209;99;Romanzado                                         ;00001;00000;00000;00000;00000;00000153;00000000;00000000;00000000;00000000;00000;00000;
13;31;9;210;99;Roncal/Erronkari                                  ;00001;00000;00000;00000;00000;00000210;00000000;00000000;00000000;00000000;00000;00000;
13;31;9;211;99;Orreaga/Roncesvalles                              ;00001;00000;00000;00000;00000;00000028;00000000;00000000;00000000;00000000;00000;00000;
13;31;9;212;99;Sada                                              ;00001;00000;00000;00000;00000;00000162;00000000;00000000;00000000;00000000;00000;00000;
13;31;9;213;99;Saldías                                           ;00001;00000;00000;00000;00000;00000112;00000000;00000000;00000000;00000000;00000;00000;
13;31;9;214;99;Salinas de Oro/Jaitz                              ;00001;00000;00000;00000;00000;00000094;00000000;00000000;00000000;00000000;00000;00000;
13;31;9;215;99;San Adrián                                        ;00006;00000;00000;00000;00000;00004642;00000000;00000000;00000000;00000000;00000;00000;
13;31;9;216;99;Sangüesa/Zangoza                                  ;00005;00000;00000;00000;00000;00003894;00000000;00000000;00000000;00000000;00000;00000;
13;31;9;217;99;San Martín de Unx                                 ;00001;00000;00000;00000;00000;00000366;00000000;00000000;00000000;00000000;00000;00000;
13;31;9;219;99;Sansol                                            ;00001;00000;00000;00000;00000;00000089;00000000;00000000;00000000;00000000;00000;00000;
13;31;9;220;99;Santacara                                         ;00001;00000;00000;00000;00000;00000750;00000000;00000000;00000000;00000000;00000;00000;
13;31;9;221;99;Doneztebe/Santesteban                             ;00002;00000;00000;00000;00000;00001200;00000000;00000000;00000000;00000000;00000;00000;
13;31;9;222;99;Sarriés/Sartze                                    ;00001;00000;00000;00000;00000;00000061;00000000;00000000;00000000;00000000;00000;00000;
13;31;9;223;99;Sartaguda                                         ;00002;00000;00000;00000;00000;00001014;00000000;00000000;00000000;00000000;00000;00000;
13;31;9;224;99;Sesma                                             ;00001;00000;00000;00000;00000;00000937;00000000;00000000;00000000;00000000;00000;00000;
13;31;9;225;99;Sorlada                                           ;00001;00000;00000;00000;00000;00000055;00000000;00000000;00000000;00000000;00000;00000;
13;31;9;226;99;Sunbilla                                          ;00001;00000;00000;00000;00000;00000590;00000000;00000000;00000000;00000000;00000;00000;
13;31;9;227;99;Tafalla                                           ;00011;00000;00000;00000;00000;00008292;00000000;00000000;00000000;00000000;00000;00000;
13;31;9;228;99;Tiebas-Muruarte de Reta                           ;00001;00000;00000;00000;00000;00000504;00000000;00000000;00000000;00000000;00000;00000;
13;31;9;229;99;Tirapu                                            ;00001;00000;00000;00000;00000;00000052;00000000;00000000;00000000;00000000;00000;00000;
13;31;9;230;99;Torralba del Río                                  ;00001;00000;00000;00000;00000;00000109;00000000;00000000;00000000;00000000;00000;00000;
13;31;9;231;99;Torres del Río                                    ;00001;00000;00000;00000;00000;00000119;00000000;00000000;00000000;00000000;00000;00000;
13;31;9;232;99;Tudela                                            ;00034;00000;00000;00000;00000;00025024;00000000;00000000;00000000;00000000;00000;00000;
13;31;9;233;99;Tulebras                                          ;00001;00000;00000;00000;00000;00000099;00000000;00000000;00000000;00000000;00000;00000;
13;31;9;234;99;Ucar                                              ;00001;00000;00000;00000;00000;00000153;00000000;00000000;00000000;00000000;00000;00000;
13;31;9;235;99;Ujué                                              ;00001;00000;00000;00000;00000;00000178;00000000;00000000;00000000;00000000;00000;00000;
13;31;9;236;99;Ultzama                                           ;00002;00000;00000;00000;00000;00001320;00000000;00000000;00000000;00000000;00000;00000;
13;31;9;237;99;Unciti                                            ;00001;00000;00000;00000;00000;00000195;00000000;00000000;00000000;00000000;00000;00000;
13;31;9;238;99;Unzué/Untzue                                      ;00001;00000;00000;00000;00000;00000111;00000000;00000000;00000000;00000000;00000;00000;
13;31;9;239;99;Urdazubi/Urdax                                    ;00001;00000;00000;00000;00000;00000315;00000000;00000000;00000000;00000000;00000;00000;
13;31;9;240;99;Urdiain                                           ;00001;00000;00000;00000;00000;00000533;00000000;00000000;00000000;00000000;00000;00000;
13;31;9;241;99;Urraul Alto                                       ;00001;00000;00000;00000;00000;00000140;00000000;00000000;00000000;00000000;00000;00000;
13;31;9;242;99;Urraul Bajo                                       ;00001;00000;00000;00000;00000;00000250;00000000;00000000;00000000;00000000;00000;00000;
13;31;9;243;99;Urroz-Villa                                       ;00001;00000;00000;00000;00000;00000316;00000000;00000000;00000000;00000000;00000;00000;
13;31;9;244;99;Urrotz                                            ;00001;00000;00000;00000;00000;00000153;00000000;00000000;00000000;00000000;00000;00000;
13;31;9;245;99;Urzainqui/Urzainki                                ;00001;00000;00000;00000;00000;00000087;00000000;00000000;00000000;00000000;00000;00000;
13;31;9;246;99;Uterga                                            ;00001;00000;00000;00000;00000;00000136;00000000;00000000;00000000;00000000;00000;00000;
13;31;9;247;99;Uztárroz/Uztarroze                                ;00001;00000;00000;00000;00000;00000158;00000000;00000000;00000000;00000000;00000;00000;
13;31;9;248;99;Luzaide/Valcarlos                                 ;00001;00000;00000;00000;00000;00000308;00000000;00000000;00000000;00000000;00000;00000;
13;31;9;249;99;Valtierra                                         ;00003;00000;00000;00000;00000;00001890;00000000;00000000;00000000;00000000;00000;00000;
13;31;9;250;99;Bera                                              ;00004;00000;00000;00000;00000;00002843;00000000;00000000;00000000;00000000;00000;00000;
13;31;9;251;99;Viana                                             ;00004;00000;00000;00000;00000;00003139;00000000;00000000;00000000;00000000;00000;00000;
13;31;9;252;99;Vidángoz/Bidankoze                                ;00001;00000;00000;00000;00000;00000089;00000000;00000000;00000000;00000000;00000;00000;
13;31;9;253;99;Bidaurreta                                        ;00001;00000;00000;00000;00000;00000124;00000000;00000000;00000000;00000000;00000;00000;
13;31;9;254;99;Villafranca                                       ;00003;00000;00000;00000;00000;00001916;00000000;00000000;00000000;00000000;00000;00000;
13;31;9;255;99;Villamayor de Monjardín                           ;00001;00000;00000;00000;00000;00000100;00000000;00000000;00000000;00000000;00000;00000;
13;31;9;256;99;Hiriberri/Villanueva de Aezkoa                    ;00001;00000;00000;00000;00000;00000110;00000000;00000000;00000000;00000000;00000;00000;
13;31;9;257;99;Villatuerta                                       ;00001;00000;00000;00000;00000;00000844;00000000;00000000;00000000;00000000;00000;00000;
13;31;9;258;99;Villava/Atarrabia                                 ;00010;00000;00000;00000;00000;00007706;00000000;00000000;00000000;00000000;00000;00000;
13;31;9;259;99;Igantzi                                           ;00001;00000;00000;00000;00000;00000495;00000000;00000000;00000000;00000000;00000;00000;
13;31;9;260;99;Valle de Yerri/Deierri                            ;00002;00000;00000;00000;00000;00001250;00000000;00000000;00000000;00000000;00000;00000;
13;31;9;261;99;Yesa                                              ;00001;00000;00000;00000;00000;00000242;00000000;00000000;00000000;00000000;00000;00000;
13;31;9;262;99;Zabalza/Zabaltza                                  ;00001;00000;00000;00000;00000;00000226;00000000;00000000;00000000;00000000;00000;00000;
13;31;9;263;99;Zubieta                                           ;00001;00000;00000;00000;00000;00000247;00000000;00000000;00000000;00000000;00000;00000;
13;31;9;264;99;Zugarramurdi                                      ;00001;00000;00000;00000;00000;00000179;00000000;00000000;00000000;00000000;00000;00000;
13;31;9;265;99;Zúñiga                                            ;00001;00000;00000;00000;00000;00000084;00000000;00000000;00000000;00000000;00000;00000;
13;31;9;901;99;Barañain                                          ;00019;00000;00000;00000;00000;00015454;00000000;00000000;00000000;00000000;00000;00000;
13;31;9;902;99;Berrioplano/Berriobeiti                           ;00005;00000;00000;00000;00000;00004307;00000000;00000000;00000000;00000000;00000;00000;
13;31;9;903;99;Berriozar                                         ;00009;00000;00000;00000;00000;00006487;00000000;00000000;00000000;00000000;00000;00000;
13;31;9;904;99;Irurtzun                                          ;00002;00000;00000;00000;00000;00001587;00000000;00000000;00000000;00000000;00000;00000;
13;31;9;905;99;Beriáin                                           ;00004;00000;00000;00000;00000;00002827;00000000;00000000;00000000;00000000;00000;00000;
13;31;9;906;99;Orkoien                                           ;00003;00000;00000;00000;00000;00002578;00000000;00000000;00000000;00000000;00000;00000;
13;31;9;907;99;Zizur Mayor/Zizur Nagusia                         ;00014;00000;00000;00000;00000;00010346;00000000;00000000;00000000;00000000;00000;00000;
13;31;9;908;99;Lekunberri                                        ;00001;00000;00000;00000;00000;00001002;00000000;00000000;00000000;00000000;00000;00000;
