08;49;9;002;99;Abezames                                          ;00001;00000;00000;00000;00000;00000070;00000000;00000000;00000000;00000000;00000;00000;
08;49;9;003;99;Alcañices                                         ;00001;00000;00000;00000;00000;00000907;00000000;00000000;00000000;00000000;00000;00000;
08;49;9;004;99;Alcubilla de Nogales                              ;00001;00000;00000;00000;00000;00000132;00000000;00000000;00000000;00000000;00000;00000;
08;49;9;005;99;Alfaraz de Sayago                                 ;00001;00000;00000;00000;00000;00000147;00000000;00000000;00000000;00000000;00000;00000;
08;49;9;006;99;Algodre                                           ;00001;00000;00000;00000;00000;00000160;00000000;00000000;00000000;00000000;00000;00000;
08;49;9;007;99;Almaraz de Duero                                  ;00001;00000;00000;00000;00000;00000376;00000000;00000000;00000000;00000000;00000;00000;
08;49;9;008;99;Almeida de Sayago                                 ;00001;00000;00000;00000;00000;00000493;00000000;00000000;00000000;00000000;00000;00000;
08;49;9;009;99;Andavías                                          ;00001;00000;00000;00000;00000;00000402;00000000;00000000;00000000;00000000;00000;00000;
08;49;9;010;99;Arcenillas                                        ;00001;00000;00000;00000;00000;00000349;00000000;00000000;00000000;00000000;00000;00000;
08;49;9;011;99;Arcos de la Polvorosa                             ;00001;00000;00000;00000;00000;00000229;00000000;00000000;00000000;00000000;00000;00000;
08;49;9;012;99;Argañín                                           ;00001;00000;00000;00000;00000;00000071;00000000;00000000;00000000;00000000;00000;00000;
08;49;9;013;99;Argujillo                                         ;00001;00000;00000;00000;00000;00000263;00000000;00000000;00000000;00000000;00000;00000;
08;49;9;014;99;Arquillinos                                       ;00001;00000;00000;00000;00000;00000120;00000000;00000000;00000000;00000000;00000;00000;
08;49;9;015;99;Arrabalde                                         ;00001;00000;00000;00000;00000;00000244;00000000;00000000;00000000;00000000;00000;00000;
08;49;9;016;99;Aspariegos                                        ;00001;00000;00000;00000;00000;00000265;00000000;00000000;00000000;00000000;00000;00000;
08;49;9;017;99;Asturianos                                        ;00001;00000;00000;00000;00000;00000255;00000000;00000000;00000000;00000000;00000;00000;
08;49;9;018;99;Ayoó de Vidriales                                 ;00001;00000;00000;00000;00000;00000344;00000000;00000000;00000000;00000000;00000;00000;
08;49;9;019;99;Barcial del Barco                                 ;00001;00000;00000;00000;00000;00000249;00000000;00000000;00000000;00000000;00000;00000;
08;49;9;020;99;Belver de los Montes                              ;00001;00000;00000;00000;00000;00000298;00000000;00000000;00000000;00000000;00000;00000;
08;49;9;021;99;Benavente                                         ;00020;00000;00000;00000;00000;00014589;00000000;00000000;00000000;00000000;00000;00000;
08;49;9;022;99;Benegiles                                         ;00001;00000;00000;00000;00000;00000304;00000000;00000000;00000000;00000000;00000;00000;
08;49;9;023;99;Bermillo de Sayago                                ;00003;00000;00000;00000;00000;00000999;00000000;00000000;00000000;00000000;00000;00000;
08;49;9;024;99;La Bóveda de Toro                                 ;00001;00000;00000;00000;00000;00000695;00000000;00000000;00000000;00000000;00000;00000;
08;49;9;025;99;Bretó                                             ;00001;00000;00000;00000;00000;00000175;00000000;00000000;00000000;00000000;00000;00000;
08;49;9;026;99;Bretocino                                         ;00001;00000;00000;00000;00000;00000236;00000000;00000000;00000000;00000000;00000;00000;
08;49;9;027;99;Brime de Sog                                      ;00001;00000;00000;00000;00000;00000159;00000000;00000000;00000000;00000000;00000;00000;
08;49;9;028;99;Brime de Urz                                      ;00001;00000;00000;00000;00000;00000125;00000000;00000000;00000000;00000000;00000;00000;
08;49;9;029;99;Burganes de Valverde                              ;00002;00000;00000;00000;00000;00000639;00000000;00000000;00000000;00000000;00000;00000;
08;49;9;030;99;Bustillo del Oro                                  ;00001;00000;00000;00000;00000;00000084;00000000;00000000;00000000;00000000;00000;00000;
08;49;9;031;99;Cabañas de Sayago                                 ;00001;00000;00000;00000;00000;00000153;00000000;00000000;00000000;00000000;00000;00000;
08;49;9;032;99;Calzadilla de Tera                                ;00001;00000;00000;00000;00000;00000351;00000000;00000000;00000000;00000000;00000;00000;
08;49;9;033;99;Camarzana de Tera                                 ;00002;00000;00000;00000;00000;00000751;00000000;00000000;00000000;00000000;00000;00000;
08;49;9;034;99;Cañizal                                           ;00001;00000;00000;00000;00000;00000456;00000000;00000000;00000000;00000000;00000;00000;
08;49;9;035;99;Cañizo                                            ;00001;00000;00000;00000;00000;00000240;00000000;00000000;00000000;00000000;00000;00000;
08;49;9;036;99;Carbajales de Alba                                ;00001;00000;00000;00000;00000;00000541;00000000;00000000;00000000;00000000;00000;00000;
08;49;9;037;99;Carbellino                                        ;00001;00000;00000;00000;00000;00000191;00000000;00000000;00000000;00000000;00000;00000;
08;49;9;038;99;Casaseca de Campeán                               ;00001;00000;00000;00000;00000;00000110;00000000;00000000;00000000;00000000;00000;00000;
08;49;9;039;99;Casaseca de las Chanas                            ;00001;00000;00000;00000;00000;00000337;00000000;00000000;00000000;00000000;00000;00000;
08;49;9;040;99;Castrillo de la Guareña                           ;00001;00000;00000;00000;00000;00000112;00000000;00000000;00000000;00000000;00000;00000;
08;49;9;041;99;Castrogonzalo                                     ;00001;00000;00000;00000;00000;00000443;00000000;00000000;00000000;00000000;00000;00000;
08;49;9;042;99;Castronuevo                                       ;00001;00000;00000;00000;00000;00000247;00000000;00000000;00000000;00000000;00000;00000;
08;49;9;043;99;Castroverde de Campos                             ;00001;00000;00000;00000;00000;00000313;00000000;00000000;00000000;00000000;00000;00000;
08;49;9;044;99;Cazurra                                           ;00001;00000;00000;00000;00000;00000090;00000000;00000000;00000000;00000000;00000;00000;
08;49;9;046;99;Cerecinos de Campos                               ;00001;00000;00000;00000;00000;00000278;00000000;00000000;00000000;00000000;00000;00000;
08;49;9;047;99;Cerecinos del Carrizal                            ;00001;00000;00000;00000;00000;00000113;00000000;00000000;00000000;00000000;00000;00000;
08;49;9;048;99;Cernadilla                                        ;00001;00000;00000;00000;00000;00000147;00000000;00000000;00000000;00000000;00000;00000;
08;49;9;050;99;Cobreros                                          ;00002;00000;00000;00000;00000;00000515;00000000;00000000;00000000;00000000;00000;00000;
08;49;9;052;99;Coomonte                                          ;00001;00000;00000;00000;00000;00000192;00000000;00000000;00000000;00000000;00000;00000;
08;49;9;053;99;Coreses                                           ;00001;00000;00000;00000;00000;00000945;00000000;00000000;00000000;00000000;00000;00000;
08;49;9;054;99;Corrales del Vino                                 ;00001;00000;00000;00000;00000;00000939;00000000;00000000;00000000;00000000;00000;00000;
08;49;9;055;99;Cotanes del Monte                                 ;00001;00000;00000;00000;00000;00000111;00000000;00000000;00000000;00000000;00000;00000;
08;49;9;056;99;Cubillos                                          ;00001;00000;00000;00000;00000;00000302;00000000;00000000;00000000;00000000;00000;00000;
08;49;9;057;99;Cubo de Benavente                                 ;00001;00000;00000;00000;00000;00000115;00000000;00000000;00000000;00000000;00000;00000;
08;49;9;058;99;El Cubo de Tierra del Vino                        ;00001;00000;00000;00000;00000;00000317;00000000;00000000;00000000;00000000;00000;00000;
08;49;9;059;99;Cuelgamures                                       ;00001;00000;00000;00000;00000;00000098;00000000;00000000;00000000;00000000;00000;00000;
08;49;9;061;99;Entrala                                           ;00001;00000;00000;00000;00000;00000150;00000000;00000000;00000000;00000000;00000;00000;
08;49;9;062;99;Espadañedo                                        ;00001;00000;00000;00000;00000;00000121;00000000;00000000;00000000;00000000;00000;00000;
08;49;9;063;99;Faramontanos de Tábara                            ;00001;00000;00000;00000;00000;00000348;00000000;00000000;00000000;00000000;00000;00000;
08;49;9;064;99;Fariza                                            ;00001;00000;00000;00000;00000;00000550;00000000;00000000;00000000;00000000;00000;00000;
08;49;9;065;99;Fermoselle                                        ;00002;00000;00000;00000;00000;00001143;00000000;00000000;00000000;00000000;00000;00000;
08;49;9;066;99;Ferreras de Abajo                                 ;00001;00000;00000;00000;00000;00000510;00000000;00000000;00000000;00000000;00000;00000;
08;49;9;067;99;Ferreras de Arriba                                ;00001;00000;00000;00000;00000;00000383;00000000;00000000;00000000;00000000;00000;00000;
08;49;9;068;99;Ferreruela                                        ;00001;00000;00000;00000;00000;00000481;00000000;00000000;00000000;00000000;00000;00000;
08;49;9;069;99;Figueruela de Arriba                              ;00001;00000;00000;00000;00000;00000398;00000000;00000000;00000000;00000000;00000;00000;
08;49;9;071;99;Fonfría                                           ;00002;00000;00000;00000;00000;00000796;00000000;00000000;00000000;00000000;00000;00000;
08;49;9;075;99;Fresno de la Polvorosa                            ;00001;00000;00000;00000;00000;00000147;00000000;00000000;00000000;00000000;00000;00000;
08;49;9;076;99;Fresno de la Ribera                               ;00001;00000;00000;00000;00000;00000329;00000000;00000000;00000000;00000000;00000;00000;
08;49;9;077;99;Fresno de Sayago                                  ;00001;00000;00000;00000;00000;00000186;00000000;00000000;00000000;00000000;00000;00000;
08;49;9;078;99;Friera de Valverde                                ;00001;00000;00000;00000;00000;00000179;00000000;00000000;00000000;00000000;00000;00000;
08;49;9;079;99;Fuente Encalada                                   ;00001;00000;00000;00000;00000;00000105;00000000;00000000;00000000;00000000;00000;00000;
08;49;9;080;99;Fuentelapeña                                      ;00001;00000;00000;00000;00000;00000719;00000000;00000000;00000000;00000000;00000;00000;
08;49;9;081;99;Fuentesaúco                                       ;00002;00000;00000;00000;00000;00001414;00000000;00000000;00000000;00000000;00000;00000;
08;49;9;082;99;Fuentes de Ropel                                  ;00001;00000;00000;00000;00000;00000378;00000000;00000000;00000000;00000000;00000;00000;
08;49;9;083;99;Fuentesecas                                       ;00001;00000;00000;00000;00000;00000060;00000000;00000000;00000000;00000000;00000;00000;
08;49;9;084;99;Fuentespreadas                                    ;00001;00000;00000;00000;00000;00000286;00000000;00000000;00000000;00000000;00000;00000;
08;49;9;085;99;Galende                                           ;00003;00000;00000;00000;00000;00001070;00000000;00000000;00000000;00000000;00000;00000;
08;49;9;086;99;Gallegos del Pan                                  ;00001;00000;00000;00000;00000;00000124;00000000;00000000;00000000;00000000;00000;00000;
08;49;9;087;99;Gallegos del Río                                  ;00001;00000;00000;00000;00000;00000552;00000000;00000000;00000000;00000000;00000;00000;
08;49;9;088;99;Gamones                                           ;00001;00000;00000;00000;00000;00000097;00000000;00000000;00000000;00000000;00000;00000;
08;49;9;090;99;Gema                                              ;00001;00000;00000;00000;00000;00000197;00000000;00000000;00000000;00000000;00000;00000;
08;49;9;091;99;Granja de Moreruela                               ;00001;00000;00000;00000;00000;00000271;00000000;00000000;00000000;00000000;00000;00000;
08;49;9;092;99;Granucillo                                        ;00001;00000;00000;00000;00000;00000142;00000000;00000000;00000000;00000000;00000;00000;
08;49;9;093;99;Guarrate                                          ;00001;00000;00000;00000;00000;00000294;00000000;00000000;00000000;00000000;00000;00000;
08;49;9;094;99;Hermisende                                        ;00001;00000;00000;00000;00000;00000250;00000000;00000000;00000000;00000000;00000;00000;
08;49;9;095;99;La Hiniesta                                       ;00001;00000;00000;00000;00000;00000297;00000000;00000000;00000000;00000000;00000;00000;
08;49;9;096;99;Jambrina                                          ;00001;00000;00000;00000;00000;00000178;00000000;00000000;00000000;00000000;00000;00000;
08;49;9;097;99;Justel                                            ;00001;00000;00000;00000;00000;00000082;00000000;00000000;00000000;00000000;00000;00000;
08;49;9;098;99;Losacino                                          ;00001;00000;00000;00000;00000;00000234;00000000;00000000;00000000;00000000;00000;00000;
08;49;9;099;99;Losacio                                           ;00001;00000;00000;00000;00000;00000110;00000000;00000000;00000000;00000000;00000;00000;
08;49;9;100;99;Lubián                                            ;00001;00000;00000;00000;00000;00000314;00000000;00000000;00000000;00000000;00000;00000;
08;49;9;101;99;Luelmo                                            ;00001;00000;00000;00000;00000;00000167;00000000;00000000;00000000;00000000;00000;00000;
08;49;9;102;99;El Maderal                                        ;00001;00000;00000;00000;00000;00000205;00000000;00000000;00000000;00000000;00000;00000;
08;49;9;103;99;Madridanos                                        ;00001;00000;00000;00000;00000;00000423;00000000;00000000;00000000;00000000;00000;00000;
08;49;9;104;99;Mahide                                            ;00001;00000;00000;00000;00000;00000348;00000000;00000000;00000000;00000000;00000;00000;
08;49;9;105;99;Maire de Castroponce                              ;00001;00000;00000;00000;00000;00000146;00000000;00000000;00000000;00000000;00000;00000;
08;49;9;107;99;Malva                                             ;00001;00000;00000;00000;00000;00000146;00000000;00000000;00000000;00000000;00000;00000;
08;49;9;108;99;Manganeses de la Lampreana                        ;00001;00000;00000;00000;00000;00000468;00000000;00000000;00000000;00000000;00000;00000;
08;49;9;109;99;Manganeses de la Polvorosa                        ;00001;00000;00000;00000;00000;00000637;00000000;00000000;00000000;00000000;00000;00000;
08;49;9;110;99;Manzanal de Arriba                                ;00001;00000;00000;00000;00000;00000374;00000000;00000000;00000000;00000000;00000;00000;
08;49;9;111;99;Manzanal del Barco                                ;00001;00000;00000;00000;00000;00000138;00000000;00000000;00000000;00000000;00000;00000;
08;49;9;112;99;Manzanal de los Infantes                          ;00001;00000;00000;00000;00000;00000144;00000000;00000000;00000000;00000000;00000;00000;
08;49;9;113;99;Matilla de Arzón                                  ;00001;00000;00000;00000;00000;00000180;00000000;00000000;00000000;00000000;00000;00000;
08;49;9;114;99;Matilla la Seca                                   ;00001;00000;00000;00000;00000;00000045;00000000;00000000;00000000;00000000;00000;00000;
08;49;9;115;99;Mayalde                                           ;00001;00000;00000;00000;00000;00000190;00000000;00000000;00000000;00000000;00000;00000;
08;49;9;116;99;Melgar de Tera                                    ;00001;00000;00000;00000;00000;00000410;00000000;00000000;00000000;00000000;00000;00000;
08;49;9;117;99;Micereces de Tera                                 ;00001;00000;00000;00000;00000;00000474;00000000;00000000;00000000;00000000;00000;00000;
08;49;9;118;99;Milles de la Polvorosa                            ;00001;00000;00000;00000;00000;00000214;00000000;00000000;00000000;00000000;00000;00000;
08;49;9;119;99;Molacillos                                        ;00001;00000;00000;00000;00000;00000239;00000000;00000000;00000000;00000000;00000;00000;
08;49;9;120;99;Molezuelas de la Carballeda                       ;00001;00000;00000;00000;00000;00000074;00000000;00000000;00000000;00000000;00000;00000;
08;49;9;121;99;Mombuey                                           ;00001;00000;00000;00000;00000;00000385;00000000;00000000;00000000;00000000;00000;00000;
08;49;9;122;99;Monfarracinos                                     ;00001;00000;00000;00000;00000;00000787;00000000;00000000;00000000;00000000;00000;00000;
08;49;9;123;99;Montamarta                                        ;00001;00000;00000;00000;00000;00000562;00000000;00000000;00000000;00000000;00000;00000;
08;49;9;124;99;Moral de Sayago                                   ;00001;00000;00000;00000;00000;00000263;00000000;00000000;00000000;00000000;00000;00000;
08;49;9;125;99;Moraleja del Vino                                 ;00002;00000;00000;00000;00000;00001406;00000000;00000000;00000000;00000000;00000;00000;
08;49;9;126;99;Moraleja de Sayago                                ;00001;00000;00000;00000;00000;00000255;00000000;00000000;00000000;00000000;00000;00000;
08;49;9;127;99;Morales del Vino                                  ;00003;00000;00000;00000;00000;00002307;00000000;00000000;00000000;00000000;00000;00000;
08;49;9;128;99;Morales de Rey                                    ;00001;00000;00000;00000;00000;00000582;00000000;00000000;00000000;00000000;00000;00000;
08;49;9;129;99;Morales de Toro                                   ;00001;00000;00000;00000;00000;00000859;00000000;00000000;00000000;00000000;00000;00000;
08;49;9;130;99;Morales de Valverde                               ;00001;00000;00000;00000;00000;00000200;00000000;00000000;00000000;00000000;00000;00000;
08;49;9;131;99;Moralina                                          ;00001;00000;00000;00000;00000;00000292;00000000;00000000;00000000;00000000;00000;00000;
08;49;9;132;99;Moreruela de los Infanzones                       ;00001;00000;00000;00000;00000;00000327;00000000;00000000;00000000;00000000;00000;00000;
08;49;9;133;99;Moreruela de Tábara                               ;00001;00000;00000;00000;00000;00000315;00000000;00000000;00000000;00000000;00000;00000;
08;49;9;134;99;Muelas de los Caballeros                          ;00001;00000;00000;00000;00000;00000176;00000000;00000000;00000000;00000000;00000;00000;
08;49;9;135;99;Muelas del Pan                                    ;00001;00000;00000;00000;00000;00000659;00000000;00000000;00000000;00000000;00000;00000;
08;49;9;136;99;Muga de Sayago                                    ;00001;00000;00000;00000;00000;00000332;00000000;00000000;00000000;00000000;00000;00000;
08;49;9;137;99;Navianos de Valverde                              ;00001;00000;00000;00000;00000;00000173;00000000;00000000;00000000;00000000;00000;00000;
08;49;9;138;99;Olmillos de Castro                                ;00001;00000;00000;00000;00000;00000240;00000000;00000000;00000000;00000000;00000;00000;
08;49;9;139;99;Otero de Bodas                                    ;00001;00000;00000;00000;00000;00000186;00000000;00000000;00000000;00000000;00000;00000;
08;49;9;141;99;Pajares de la Lampreana                           ;00001;00000;00000;00000;00000;00000366;00000000;00000000;00000000;00000000;00000;00000;
08;49;9;142;99;Palacios del Pan                                  ;00001;00000;00000;00000;00000;00000250;00000000;00000000;00000000;00000000;00000;00000;
08;49;9;143;99;Palacios de Sanabria                              ;00001;00000;00000;00000;00000;00000234;00000000;00000000;00000000;00000000;00000;00000;
08;49;9;145;99;Pedralba de la Pradería                           ;00001;00000;00000;00000;00000;00000242;00000000;00000000;00000000;00000000;00000;00000;
08;49;9;146;99;El Pego                                           ;00001;00000;00000;00000;00000;00000299;00000000;00000000;00000000;00000000;00000;00000;
08;49;9;147;99;Peleagonzalo                                      ;00001;00000;00000;00000;00000;00000273;00000000;00000000;00000000;00000000;00000;00000;
08;49;9;148;99;Peleas de Abajo                                   ;00001;00000;00000;00000;00000;00000203;00000000;00000000;00000000;00000000;00000;00000;
08;49;9;149;99;Peñausende                                        ;00001;00000;00000;00000;00000;00000401;00000000;00000000;00000000;00000000;00000;00000;
08;49;9;150;99;Peque                                             ;00001;00000;00000;00000;00000;00000158;00000000;00000000;00000000;00000000;00000;00000;
08;49;9;151;99;El Perdigón                                       ;00001;00000;00000;00000;00000;00000665;00000000;00000000;00000000;00000000;00000;00000;
08;49;9;152;99;Pereruela                                         ;00001;00000;00000;00000;00000;00000543;00000000;00000000;00000000;00000000;00000;00000;
08;49;9;153;99;Perilla de Castro                                 ;00001;00000;00000;00000;00000;00000174;00000000;00000000;00000000;00000000;00000;00000;
08;49;9;154;99;Pías                                              ;00001;00000;00000;00000;00000;00000135;00000000;00000000;00000000;00000000;00000;00000;
08;49;9;155;99;Piedrahita de Castro                              ;00001;00000;00000;00000;00000;00000100;00000000;00000000;00000000;00000000;00000;00000;
08;49;9;156;99;Pinilla de Toro                                   ;00001;00000;00000;00000;00000;00000248;00000000;00000000;00000000;00000000;00000;00000;
08;49;9;157;99;Pino del Oro                                      ;00001;00000;00000;00000;00000;00000176;00000000;00000000;00000000;00000000;00000;00000;
08;49;9;158;99;El Piñero                                         ;00001;00000;00000;00000;00000;00000216;00000000;00000000;00000000;00000000;00000;00000;
08;49;9;159;99;Pobladura del Valle                               ;00001;00000;00000;00000;00000;00000279;00000000;00000000;00000000;00000000;00000;00000;
08;49;9;160;99;Pobladura de Valderaduey                          ;00001;00000;00000;00000;00000;00000048;00000000;00000000;00000000;00000000;00000;00000;
08;49;9;162;99;Porto                                             ;00001;00000;00000;00000;00000;00000198;00000000;00000000;00000000;00000000;00000;00000;
08;49;9;163;99;Pozoantiguo                                       ;00001;00000;00000;00000;00000;00000242;00000000;00000000;00000000;00000000;00000;00000;
08;49;9;164;99;Pozuelo de Tábara                                 ;00001;00000;00000;00000;00000;00000138;00000000;00000000;00000000;00000000;00000;00000;
08;49;9;165;99;Prado                                             ;00001;00000;00000;00000;00000;00000066;00000000;00000000;00000000;00000000;00000;00000;
08;49;9;166;99;Puebla de Sanabria                                ;00002;00000;00000;00000;00000;00001269;00000000;00000000;00000000;00000000;00000;00000;
08;49;9;167;99;Pueblica de Valverde                              ;00001;00000;00000;00000;00000;00000213;00000000;00000000;00000000;00000000;00000;00000;
08;49;9;168;99;Quintanilla del Monte                             ;00001;00000;00000;00000;00000;00000095;00000000;00000000;00000000;00000000;00000;00000;
08;49;9;169;99;Quintanilla del Olmo                              ;00001;00000;00000;00000;00000;00000036;00000000;00000000;00000000;00000000;00000;00000;
08;49;9;170;99;Quintanilla de Urz                                ;00001;00000;00000;00000;00000;00000104;00000000;00000000;00000000;00000000;00000;00000;
08;49;9;171;99;Quiruelas de Vidriales                            ;00002;00000;00000;00000;00000;00000667;00000000;00000000;00000000;00000000;00000;00000;
08;49;9;172;99;Rabanales                                         ;00001;00000;00000;00000;00000;00000573;00000000;00000000;00000000;00000000;00000;00000;
08;49;9;173;99;Rábano de Aliste                                  ;00001;00000;00000;00000;00000;00000373;00000000;00000000;00000000;00000000;00000;00000;
08;49;9;174;99;Requejo                                           ;00001;00000;00000;00000;00000;00000129;00000000;00000000;00000000;00000000;00000;00000;
08;49;9;175;99;Revellinos                                        ;00001;00000;00000;00000;00000;00000242;00000000;00000000;00000000;00000000;00000;00000;
08;49;9;176;99;Riofrío de Aliste                                 ;00002;00000;00000;00000;00000;00000697;00000000;00000000;00000000;00000000;00000;00000;
08;49;9;177;99;Rionegro del Puente                               ;00001;00000;00000;00000;00000;00000296;00000000;00000000;00000000;00000000;00000;00000;
08;49;9;178;99;Roales                                            ;00001;00000;00000;00000;00000;00000683;00000000;00000000;00000000;00000000;00000;00000;
08;49;9;179;99;Robleda-Cervantes                                 ;00001;00000;00000;00000;00000;00000392;00000000;00000000;00000000;00000000;00000;00000;
08;49;9;180;99;Roelos de Sayago                                  ;00001;00000;00000;00000;00000;00000152;00000000;00000000;00000000;00000000;00000;00000;
08;49;9;181;99;Rosinos de la Requejada                           ;00001;00000;00000;00000;00000;00000372;00000000;00000000;00000000;00000000;00000;00000;
08;49;9;183;99;Salce                                             ;00001;00000;00000;00000;00000;00000101;00000000;00000000;00000000;00000000;00000;00000;
08;49;9;184;99;Samir de los Caños                                ;00001;00000;00000;00000;00000;00000183;00000000;00000000;00000000;00000000;00000;00000;
08;49;9;185;99;San Agustín del Pozo                              ;00001;00000;00000;00000;00000;00000163;00000000;00000000;00000000;00000000;00000;00000;
08;49;9;186;99;San Cebrián de Castro                             ;00001;00000;00000;00000;00000;00000271;00000000;00000000;00000000;00000000;00000;00000;
08;49;9;187;99;San Cristóbal de Entreviñas                       ;00002;00000;00000;00000;00000;00001261;00000000;00000000;00000000;00000000;00000;00000;
08;49;9;188;99;San Esteban del Molar                             ;00001;00000;00000;00000;00000;00000126;00000000;00000000;00000000;00000000;00000;00000;
08;49;9;189;99;San Justo                                         ;00001;00000;00000;00000;00000;00000217;00000000;00000000;00000000;00000000;00000;00000;
08;49;9;190;99;San Martín de Valderaduey                         ;00001;00000;00000;00000;00000;00000073;00000000;00000000;00000000;00000000;00000;00000;
08;49;9;191;99;San Miguel de la Ribera                           ;00001;00000;00000;00000;00000;00000286;00000000;00000000;00000000;00000000;00000;00000;
08;49;9;192;99;San Miguel del Valle                              ;00001;00000;00000;00000;00000;00000147;00000000;00000000;00000000;00000000;00000;00000;
08;49;9;193;99;San Pedro de Ceque                                ;00001;00000;00000;00000;00000;00000488;00000000;00000000;00000000;00000000;00000;00000;
08;49;9;194;99;San Pedro de la Nave-Almendra                     ;00001;00000;00000;00000;00000;00000388;00000000;00000000;00000000;00000000;00000;00000;
08;49;9;197;99;Santa Clara de Avedillo                           ;00001;00000;00000;00000;00000;00000183;00000000;00000000;00000000;00000000;00000;00000;
08;49;9;199;99;Santa Colomba de las Monjas                       ;00001;00000;00000;00000;00000;00000254;00000000;00000000;00000000;00000000;00000;00000;
08;49;9;200;99;Santa Cristina de la Polvorosa                    ;00001;00000;00000;00000;00000;00000975;00000000;00000000;00000000;00000000;00000;00000;
08;49;9;201;99;Santa Croya de Tera                               ;00001;00000;00000;00000;00000;00000318;00000000;00000000;00000000;00000000;00000;00000;
08;49;9;202;99;Santa Eufemia del Barco                           ;00001;00000;00000;00000;00000;00000198;00000000;00000000;00000000;00000000;00000;00000;
08;49;9;203;99;Santa María de la Vega                            ;00001;00000;00000;00000;00000;00000321;00000000;00000000;00000000;00000000;00000;00000;
08;49;9;204;99;Santa María de Valverde                           ;00001;00000;00000;00000;00000;00000073;00000000;00000000;00000000;00000000;00000;00000;
08;49;9;205;99;Santibáñez de Tera                                ;00001;00000;00000;00000;00000;00000396;00000000;00000000;00000000;00000000;00000;00000;
08;49;9;206;99;Santibáñez de Vidriales                           ;00001;00000;00000;00000;00000;00000899;00000000;00000000;00000000;00000000;00000;00000;
08;49;9;207;99;Santovenia                                        ;00001;00000;00000;00000;00000;00000254;00000000;00000000;00000000;00000000;00000;00000;
08;49;9;208;99;San Vicente de la Cabeza                          ;00001;00000;00000;00000;00000;00000415;00000000;00000000;00000000;00000000;00000;00000;
08;49;9;209;99;San Vitero                                        ;00001;00000;00000;00000;00000;00000539;00000000;00000000;00000000;00000000;00000;00000;
08;49;9;210;99;Sanzoles                                          ;00001;00000;00000;00000;00000;00000495;00000000;00000000;00000000;00000000;00000;00000;
08;49;9;214;99;Tábara                                            ;00001;00000;00000;00000;00000;00000747;00000000;00000000;00000000;00000000;00000;00000;
08;49;9;216;99;Tapioles                                          ;00001;00000;00000;00000;00000;00000165;00000000;00000000;00000000;00000000;00000;00000;
08;49;9;219;99;Toro                                              ;00010;00000;00000;00000;00000;00007637;00000000;00000000;00000000;00000000;00000;00000;
08;49;9;220;99;La Torre del Valle                                ;00001;00000;00000;00000;00000;00000143;00000000;00000000;00000000;00000000;00000;00000;
08;49;9;221;99;Torregamones                                      ;00001;00000;00000;00000;00000;00000272;00000000;00000000;00000000;00000000;00000;00000;
08;49;9;222;99;Torres del Carrizal                               ;00001;00000;00000;00000;00000;00000391;00000000;00000000;00000000;00000000;00000;00000;
08;49;9;223;99;Trabazos                                          ;00002;00000;00000;00000;00000;00000785;00000000;00000000;00000000;00000000;00000;00000;
08;49;9;224;99;Trefacio                                          ;00001;00000;00000;00000;00000;00000165;00000000;00000000;00000000;00000000;00000;00000;
08;49;9;225;99;Uña de Quintana                                   ;00001;00000;00000;00000;00000;00000156;00000000;00000000;00000000;00000000;00000;00000;
08;49;9;226;99;Vadillo de la Guareña                             ;00001;00000;00000;00000;00000;00000257;00000000;00000000;00000000;00000000;00000;00000;
08;49;9;227;99;Valcabado                                         ;00001;00000;00000;00000;00000;00000302;00000000;00000000;00000000;00000000;00000;00000;
08;49;9;228;99;Valdefinjas                                       ;00001;00000;00000;00000;00000;00000054;00000000;00000000;00000000;00000000;00000;00000;
08;49;9;229;99;Valdescorriel                                     ;00001;00000;00000;00000;00000;00000129;00000000;00000000;00000000;00000000;00000;00000;
08;49;9;230;99;Vallesa de la Guareña                             ;00001;00000;00000;00000;00000;00000105;00000000;00000000;00000000;00000000;00000;00000;
08;49;9;231;99;Vega de Tera                                      ;00001;00000;00000;00000;00000;00000355;00000000;00000000;00000000;00000000;00000;00000;
08;49;9;232;99;Vega de Villalobos                                ;00001;00000;00000;00000;00000;00000096;00000000;00000000;00000000;00000000;00000;00000;
08;49;9;233;99;Vegalatrave                                       ;00001;00000;00000;00000;00000;00000100;00000000;00000000;00000000;00000000;00000;00000;
08;49;9;234;99;Venialbo                                          ;00001;00000;00000;00000;00000;00000425;00000000;00000000;00000000;00000000;00000;00000;
08;49;9;235;99;Vezdemarbán                                       ;00001;00000;00000;00000;00000;00000462;00000000;00000000;00000000;00000000;00000;00000;
08;49;9;236;99;Vidayanes                                         ;00001;00000;00000;00000;00000;00000080;00000000;00000000;00000000;00000000;00000;00000;
08;49;9;237;99;Videmala                                          ;00001;00000;00000;00000;00000;00000154;00000000;00000000;00000000;00000000;00000;00000;
08;49;9;238;99;Villabrázaro                                      ;00001;00000;00000;00000;00000;00000273;00000000;00000000;00000000;00000000;00000;00000;
08;49;9;239;99;Villabuena del Puente                             ;00001;00000;00000;00000;00000;00000694;00000000;00000000;00000000;00000000;00000;00000;
08;49;9;240;99;Villadepera                                       ;00001;00000;00000;00000;00000;00000232;00000000;00000000;00000000;00000000;00000;00000;
08;49;9;241;99;Villaescusa                                       ;00001;00000;00000;00000;00000;00000259;00000000;00000000;00000000;00000000;00000;00000;
08;49;9;242;99;Villafáfila                                       ;00001;00000;00000;00000;00000;00000481;00000000;00000000;00000000;00000000;00000;00000;
08;49;9;243;99;Villaferrueña                                     ;00001;00000;00000;00000;00000;00000109;00000000;00000000;00000000;00000000;00000;00000;
08;49;9;244;99;Villageriz                                        ;00001;00000;00000;00000;00000;00000045;00000000;00000000;00000000;00000000;00000;00000;
08;49;9;245;99;Villalazán                                        ;00001;00000;00000;00000;00000;00000277;00000000;00000000;00000000;00000000;00000;00000;
08;49;9;246;99;Villalba de la Lampreana                          ;00001;00000;00000;00000;00000;00000242;00000000;00000000;00000000;00000000;00000;00000;
08;49;9;247;99;Villalcampo                                       ;00001;00000;00000;00000;00000;00000464;00000000;00000000;00000000;00000000;00000;00000;
08;49;9;248;99;Villalobos                                        ;00001;00000;00000;00000;00000;00000203;00000000;00000000;00000000;00000000;00000;00000;
08;49;9;249;99;Villalonso                                        ;00001;00000;00000;00000;00000;00000077;00000000;00000000;00000000;00000000;00000;00000;
08;49;9;250;99;Villalpando                                       ;00002;00000;00000;00000;00000;00001246;00000000;00000000;00000000;00000000;00000;00000;
08;49;9;251;99;Villalube                                         ;00001;00000;00000;00000;00000;00000178;00000000;00000000;00000000;00000000;00000;00000;
08;49;9;252;99;Villamayor de Campos                              ;00001;00000;00000;00000;00000;00000335;00000000;00000000;00000000;00000000;00000;00000;
08;49;9;255;99;Villamor de los Escuderos                         ;00001;00000;00000;00000;00000;00000426;00000000;00000000;00000000;00000000;00000;00000;
08;49;9;256;99;Villanázar                                        ;00001;00000;00000;00000;00000;00000268;00000000;00000000;00000000;00000000;00000;00000;
08;49;9;257;99;Villanueva de Azoague                             ;00001;00000;00000;00000;00000;00000274;00000000;00000000;00000000;00000000;00000;00000;
08;49;9;258;99;Villanueva de Campeán                             ;00001;00000;00000;00000;00000;00000120;00000000;00000000;00000000;00000000;00000;00000;
08;49;9;259;99;Villanueva de las Peras                           ;00001;00000;00000;00000;00000;00000096;00000000;00000000;00000000;00000000;00000;00000;
08;49;9;260;99;Villanueva del Campo                              ;00001;00000;00000;00000;00000;00000788;00000000;00000000;00000000;00000000;00000;00000;
08;49;9;261;99;Villaralbo                                        ;00002;00000;00000;00000;00000;00001586;00000000;00000000;00000000;00000000;00000;00000;
08;49;9;262;99;Villardeciervos                                   ;00001;00000;00000;00000;00000;00000419;00000000;00000000;00000000;00000000;00000;00000;
08;49;9;263;99;Villar de Fallaves                                ;00001;00000;00000;00000;00000;00000062;00000000;00000000;00000000;00000000;00000;00000;
08;49;9;264;99;Villar del Buey                                   ;00002;00000;00000;00000;00000;00000621;00000000;00000000;00000000;00000000;00000;00000;
08;49;9;265;99;Villardiegua de la Ribera                         ;00001;00000;00000;00000;00000;00000131;00000000;00000000;00000000;00000000;00000;00000;
08;49;9;266;99;Villárdiga                                        ;00001;00000;00000;00000;00000;00000082;00000000;00000000;00000000;00000000;00000;00000;
08;49;9;267;99;Villardondiego                                    ;00001;00000;00000;00000;00000;00000093;00000000;00000000;00000000;00000000;00000;00000;
08;49;9;268;99;Villarrín de Campos                               ;00001;00000;00000;00000;00000;00000441;00000000;00000000;00000000;00000000;00000;00000;
08;49;9;269;99;Villaseco del Pan                                 ;00001;00000;00000;00000;00000;00000233;00000000;00000000;00000000;00000000;00000;00000;
08;49;9;270;99;Villavendimio                                     ;00001;00000;00000;00000;00000;00000146;00000000;00000000;00000000;00000000;00000;00000;
08;49;9;271;99;Villaveza del Agua                                ;00001;00000;00000;00000;00000;00000207;00000000;00000000;00000000;00000000;00000;00000;
08;49;9;272;99;Villaveza de Valverde                             ;00001;00000;00000;00000;00000;00000094;00000000;00000000;00000000;00000000;00000;00000;
08;49;9;273;99;Viñas                                             ;00001;00000;00000;00000;00000;00000192;00000000;00000000;00000000;00000000;00000;00000;
08;49;9;275;99;Zamora                                            ;00069;00000;00000;00000;00000;00053129;00000000;00000000;00000000;00000000;00000;00000;
