01;11;9;001;99;Alcalá de los Gazules                             ;00007;00000;00000;00000;00000;00004372;00000000;00000000;00000000;00000000;00000;00000;
01;11;9;002;99;Alcalá del Valle                                  ;00007;00000;00000;00000;00000;00004291;00000000;00000000;00000000;00000000;00000;00000;
01;11;9;003;99;Algar                                             ;00002;00000;00000;00000;00000;00001287;00000000;00000000;00000000;00000000;00000;00000;
01;11;9;004;99;Algeciras                                         ;00108;00000;00000;00000;00000;00087817;00000000;00000000;00000000;00000000;00000;00000;
01;11;9;005;99;Algodonales                                       ;00008;00000;00000;00000;00000;00004610;00000000;00000000;00000000;00000000;00000;00000;
01;11;9;006;99;Arcos de la Frontera                              ;00030;00000;00000;00000;00000;00024459;00000000;00000000;00000000;00000000;00000;00000;
01;11;9;007;99;Barbate                                           ;00024;00000;00000;00000;00000;00018088;00000000;00000000;00000000;00000000;00000;00000;
01;11;9;008;99;Los Barrios                                       ;00023;00000;00000;00000;00000;00017243;00000000;00000000;00000000;00000000;00000;00000;
01;11;9;009;99;Benaocaz                                          ;00001;00000;00000;00000;00000;00000624;00000000;00000000;00000000;00000000;00000;00000;
01;11;9;010;99;Bornos                                            ;00007;00000;00000;00000;00000;00006482;00000000;00000000;00000000;00000000;00000;00000;
01;11;9;011;99;El Bosque                                         ;00002;00000;00000;00000;00000;00001664;00000000;00000000;00000000;00000000;00000;00000;
01;11;9;012;99;Cádiz                                             ;00126;00000;00000;00000;00000;00102056;00000000;00000000;00000000;00000000;00000;00000;
01;11;9;013;99;Castellar de la Frontera                          ;00002;00000;00000;00000;00000;00002322;00000000;00000000;00000000;00000000;00000;00000;
01;11;9;014;99;Conil de la Frontera                              ;00020;00000;00000;00000;00000;00017009;00000000;00000000;00000000;00000000;00000;00000;
01;11;9;015;99;Chiclana de la Frontera                           ;00077;00000;00000;00000;00000;00061779;00000000;00000000;00000000;00000000;00000;00000;
01;11;9;016;99;Chipiona                                          ;00020;00000;00000;00000;00000;00014938;00000000;00000000;00000000;00000000;00000;00000;
01;11;9;017;99;Espera                                            ;00004;00000;00000;00000;00000;00003211;00000000;00000000;00000000;00000000;00000;00000;
01;11;9;018;99;El Gastor                                         ;00003;00000;00000;00000;00000;00001496;00000000;00000000;00000000;00000000;00000;00000;
01;11;9;019;99;Grazalema                                         ;00003;00000;00000;00000;00000;00001852;00000000;00000000;00000000;00000000;00000;00000;
01;11;9;020;99;Jerez de la Frontera                              ;00211;00000;00000;00000;00000;00165140;00000000;00000000;00000000;00000000;00000;00000;
01;11;9;021;99;Jimena de la Frontera                             ;00009;00000;00000;00000;00000;00007032;00000000;00000000;00000000;00000000;00000;00000;
01;11;9;022;99;La Línea de la Concepción                         ;00061;00000;00000;00000;00000;00048928;00000000;00000000;00000000;00000000;00000;00000;
01;11;9;023;99;Medina-Sidonia                                    ;00012;00000;00000;00000;00000;00009323;00000000;00000000;00000000;00000000;00000;00000;
01;11;9;024;99;Olvera                                            ;00008;00000;00000;00000;00000;00006753;00000000;00000000;00000000;00000000;00000;00000;
01;11;9;025;99;Paterna de Rivera                                 ;00006;00000;00000;00000;00000;00004361;00000000;00000000;00000000;00000000;00000;00000;
01;11;9;026;99;Prado del Rey                                     ;00007;00000;00000;00000;00000;00004820;00000000;00000000;00000000;00000000;00000;00000;
01;11;9;027;99;El Puerto de Santa María                          ;00088;00000;00000;00000;00000;00067775;00000000;00000000;00000000;00000000;00000;00000;
01;11;9;028;99;Puerto Real                                       ;00039;00000;00000;00000;00000;00032562;00000000;00000000;00000000;00000000;00000;00000;
01;11;9;029;99;Puerto Serrano                                    ;00007;00000;00000;00000;00000;00005404;00000000;00000000;00000000;00000000;00000;00000;
01;11;9;030;99;Rota                                              ;00030;00000;00000;00000;00000;00022885;00000000;00000000;00000000;00000000;00000;00000;
01;11;9;031;99;San Fernando                                      ;00098;00000;00000;00000;00000;00076547;00000000;00000000;00000000;00000000;00000;00000;
01;11;9;032;99;Sanlúcar de Barrameda                             ;00066;00000;00000;00000;00000;00053651;00000000;00000000;00000000;00000000;00000;00000;
01;11;9;033;99;San Roque                                         ;00027;00000;00000;00000;00000;00020846;00000000;00000000;00000000;00000000;00000;00000;
01;11;9;034;99;Setenil de las Bodegas                            ;00002;00000;00000;00000;00000;00002336;00000000;00000000;00000000;00000000;00000;00000;
01;11;9;035;99;Tarifa                                            ;00022;00000;00000;00000;00000;00013785;00000000;00000000;00000000;00000000;00000;00000;
01;11;9;036;99;Torre Alháquime                                   ;00001;00000;00000;00000;00000;00000702;00000000;00000000;00000000;00000000;00000;00000;
01;11;9;037;99;Trebujena                                         ;00007;00000;00000;00000;00000;00005698;00000000;00000000;00000000;00000000;00000;00000;
01;11;9;038;99;Ubrique                                           ;00017;00000;00000;00000;00000;00013876;00000000;00000000;00000000;00000000;00000;00000;
01;11;9;039;99;Vejer de la Frontera                              ;00016;00000;00000;00000;00000;00010234;00000000;00000000;00000000;00000000;00000;00000;
01;11;9;040;99;Villaluenga del Rosario                           ;00001;00000;00000;00000;00000;00000401;00000000;00000000;00000000;00000000;00000;00000;
01;11;9;041;99;Villamartín                                       ;00013;00000;00000;00000;00000;00009840;00000000;00000000;00000000;00000000;00000;00000;
01;11;9;042;99;Zahara                                            ;00002;00000;00000;00000;00000;00001212;00000000;00000000;00000000;00000000;00000;00000;
01;11;9;901;99;Benalup-Casas Viejas                              ;00007;00000;00000;00000;00000;00005617;00000000;00000000;00000000;00000000;00000;00000;
01;11;9;902;99;San José del Valle                                ;00005;00000;00000;00000;00000;00003636;00000000;00000000;00000000;00000000;00000;00000;
