17;03;9;001;99;Adsubia                                           ;00001;00000;00000;00000;00000;00000420;00000000;00000000;00000000;00000000;00000;00000;
17;03;9;002;99;Agost                                             ;00006;00000;00000;00000;00000;00003629;00000000;00000000;00000000;00000000;00000;00000;
17;03;9;003;99;Agres                                             ;00001;00000;00000;00000;00000;00000461;00000000;00000000;00000000;00000000;00000;00000;
17;03;9;004;99;Aigües                                            ;00001;00000;00000;00000;00000;00000663;00000000;00000000;00000000;00000000;00000;00000;
17;03;9;005;99;Albatera                                          ;00012;00000;00000;00000;00000;00007884;00000000;00000000;00000000;00000000;00000;00000;
17;03;9;006;99;Alcalalí                                          ;00001;00000;00000;00000;00000;00000788;00000000;00000000;00000000;00000000;00000;00000;
17;03;9;007;99;Alcocer de Planes                                 ;00001;00000;00000;00000;00000;00000181;00000000;00000000;00000000;00000000;00000;00000;
17;03;9;008;99;Alcoleja                                          ;00001;00000;00000;00000;00000;00000176;00000000;00000000;00000000;00000000;00000;00000;
17;03;9;009;99;Alcoy/Alcoi                                       ;00088;00000;00000;00000;00000;00047012;00000000;00000000;00000000;00000000;00000;00000;
17;03;9;010;99;Alfafara                                          ;00001;00000;00000;00000;00000;00000329;00000000;00000000;00000000;00000000;00000;00000;
17;03;9;011;99;L'Alfàs del Pi                                    ;00017;00000;00000;00000;00000;00009787;00000000;00000000;00000000;00000000;00000;00000;
17;03;9;012;99;Algorfa                                           ;00002;00000;00000;00000;00000;00001529;00000000;00000000;00000000;00000000;00000;00000;
17;03;9;013;99;Algueña                                           ;00002;00000;00000;00000;00000;00001156;00000000;00000000;00000000;00000000;00000;00000;
17;03;9;014;99;Alicante/Alacant                                  ;00414;00000;00000;00000;00000;00237679;00000000;00000000;00000000;00000000;00000;00000;
17;03;9;015;99;Almoradí                                          ;00022;00000;00000;00000;00000;00012584;00000000;00000000;00000000;00000000;00000;00000;
17;03;9;016;99;Almudaina                                         ;00001;00000;00000;00000;00000;00000089;00000000;00000000;00000000;00000000;00000;00000;
17;03;9;017;99;L'Alqueria d'Asnar                                ;00001;00000;00000;00000;00000;00000374;00000000;00000000;00000000;00000000;00000;00000;
17;03;9;018;99;Altea                                             ;00025;00000;00000;00000;00000;00013277;00000000;00000000;00000000;00000000;00000;00000;
17;03;9;019;99;Aspe                                              ;00025;00000;00000;00000;00000;00015202;00000000;00000000;00000000;00000000;00000;00000;
17;03;9;020;99;Balones                                           ;00001;00000;00000;00000;00000;00000117;00000000;00000000;00000000;00000000;00000;00000;
17;03;9;021;99;Banyeres de Mariola                               ;00011;00000;00000;00000;00000;00005614;00000000;00000000;00000000;00000000;00000;00000;
17;03;9;022;99;Benasau                                           ;00001;00000;00000;00000;00000;00000144;00000000;00000000;00000000;00000000;00000;00000;
17;03;9;023;99;Beneixama                                         ;00002;00000;00000;00000;00000;00001436;00000000;00000000;00000000;00000000;00000;00000;
17;03;9;024;99;Benejúzar                                         ;00008;00000;00000;00000;00000;00003925;00000000;00000000;00000000;00000000;00000;00000;
17;03;9;025;99;Benferri                                          ;00002;00000;00000;00000;00000;00001337;00000000;00000000;00000000;00000000;00000;00000;
17;03;9;026;99;Beniarbeig                                        ;00002;00000;00000;00000;00000;00001258;00000000;00000000;00000000;00000000;00000;00000;
17;03;9;027;99;Beniardá                                          ;00001;00000;00000;00000;00000;00000146;00000000;00000000;00000000;00000000;00000;00000;
17;03;9;028;99;Beniarrés                                         ;00002;00000;00000;00000;00000;00001033;00000000;00000000;00000000;00000000;00000;00000;
17;03;9;029;99;Benigembla                                        ;00001;00000;00000;00000;00000;00000306;00000000;00000000;00000000;00000000;00000;00000;
17;03;9;030;99;Benidoleig                                        ;00002;00000;00000;00000;00000;00000744;00000000;00000000;00000000;00000000;00000;00000;
17;03;9;031;99;Benidorm                                          ;00077;00000;00000;00000;00000;00043266;00000000;00000000;00000000;00000000;00000;00000;
17;03;9;032;99;Benifallim                                        ;00001;00000;00000;00000;00000;00000114;00000000;00000000;00000000;00000000;00000;00000;
17;03;9;033;99;Benifato                                          ;00001;00000;00000;00000;00000;00000123;00000000;00000000;00000000;00000000;00000;00000;
17;03;9;034;99;Benijófar                                         ;00003;00000;00000;00000;00000;00001935;00000000;00000000;00000000;00000000;00000;00000;
17;03;9;035;99;Benilloba                                         ;00001;00000;00000;00000;00000;00000665;00000000;00000000;00000000;00000000;00000;00000;
17;03;9;036;99;Benillup                                          ;00001;00000;00000;00000;00000;00000091;00000000;00000000;00000000;00000000;00000;00000;
17;03;9;037;99;Benimantell                                       ;00001;00000;00000;00000;00000;00000371;00000000;00000000;00000000;00000000;00000;00000;
17;03;9;038;99;Benimarfull                                       ;00001;00000;00000;00000;00000;00000363;00000000;00000000;00000000;00000000;00000;00000;
17;03;9;039;99;Benimassot                                        ;00001;00000;00000;00000;00000;00000086;00000000;00000000;00000000;00000000;00000;00000;
17;03;9;040;99;Benimeli                                          ;00001;00000;00000;00000;00000;00000290;00000000;00000000;00000000;00000000;00000;00000;
17;03;9;041;99;Benissa                                           ;00013;00000;00000;00000;00000;00007842;00000000;00000000;00000000;00000000;00000;00000;
17;03;9;042;99;Benitachell/El Poble Nou de Benitatxell           ;00004;00000;00000;00000;00000;00002285;00000000;00000000;00000000;00000000;00000;00000;
17;03;9;043;99;Biar                                              ;00005;00000;00000;00000;00000;00002925;00000000;00000000;00000000;00000000;00000;00000;
17;03;9;044;99;Bigastro                                          ;00007;00000;00000;00000;00000;00004578;00000000;00000000;00000000;00000000;00000;00000;
17;03;9;045;99;Bolulla                                           ;00001;00000;00000;00000;00000;00000248;00000000;00000000;00000000;00000000;00000;00000;
17;03;9;046;99;Busot                                             ;00003;00000;00000;00000;00000;00001827;00000000;00000000;00000000;00000000;00000;00000;
17;03;9;047;99;Calp                                              ;00019;00000;00000;00000;00000;00012855;00000000;00000000;00000000;00000000;00000;00000;
17;03;9;048;99;Callosa d'en Sarrià                               ;00008;00000;00000;00000;00000;00004861;00000000;00000000;00000000;00000000;00000;00000;
17;03;9;049;99;Callosa de Segura                                 ;00019;00000;00000;00000;00000;00012099;00000000;00000000;00000000;00000000;00000;00000;
17;03;9;050;99;El Campello                                       ;00031;00000;00000;00000;00000;00018960;00000000;00000000;00000000;00000000;00000;00000;
17;03;9;051;99;Campo de Mirra/El Camp de Mirra                   ;00001;00000;00000;00000;00000;00000344;00000000;00000000;00000000;00000000;00000;00000;
17;03;9;052;99;Cañada                                            ;00002;00000;00000;00000;00000;00000969;00000000;00000000;00000000;00000000;00000;00000;
17;03;9;053;99;Castalla                                          ;00013;00000;00000;00000;00000;00007599;00000000;00000000;00000000;00000000;00000;00000;
17;03;9;054;99;Castell de Castells                               ;00001;00000;00000;00000;00000;00000367;00000000;00000000;00000000;00000000;00000;00000;
17;03;9;055;99;Catral                                            ;00009;00000;00000;00000;00000;00005406;00000000;00000000;00000000;00000000;00000;00000;
17;03;9;056;99;Cocentaina                                        ;00015;00000;00000;00000;00000;00008983;00000000;00000000;00000000;00000000;00000;00000;
17;03;9;057;99;Confrides                                         ;00001;00000;00000;00000;00000;00000196;00000000;00000000;00000000;00000000;00000;00000;
17;03;9;058;99;Cox                                               ;00008;00000;00000;00000;00000;00004859;00000000;00000000;00000000;00000000;00000;00000;
17;03;9;059;99;Crevillent                                        ;00037;00000;00000;00000;00000;00020576;00000000;00000000;00000000;00000000;00000;00000;
17;03;9;060;99;Quatretondeta                                     ;00001;00000;00000;00000;00000;00000109;00000000;00000000;00000000;00000000;00000;00000;
17;03;9;061;99;Daya Nueva                                        ;00002;00000;00000;00000;00000;00001185;00000000;00000000;00000000;00000000;00000;00000;
17;03;9;062;99;Daya Vieja                                        ;00001;00000;00000;00000;00000;00000371;00000000;00000000;00000000;00000000;00000;00000;
17;03;9;063;99;Dénia                                             ;00048;00000;00000;00000;00000;00027655;00000000;00000000;00000000;00000000;00000;00000;
17;03;9;064;99;Dolores                                           ;00008;00000;00000;00000;00000;00005128;00000000;00000000;00000000;00000000;00000;00000;
17;03;9;065;99;Elche/Elx                                         ;00292;00000;00000;00000;00000;00166613;00000000;00000000;00000000;00000000;00000;00000;
17;03;9;066;99;Elda                                              ;00071;00000;00000;00000;00000;00042504;00000000;00000000;00000000;00000000;00000;00000;
17;03;9;067;99;Facheca                                           ;00001;00000;00000;00000;00000;00000091;00000000;00000000;00000000;00000000;00000;00000;
17;03;9;068;99;Famorca                                           ;00001;00000;00000;00000;00000;00000052;00000000;00000000;00000000;00000000;00000;00000;
17;03;9;069;99;Finestrat                                         ;00005;00000;00000;00000;00000;00003754;00000000;00000000;00000000;00000000;00000;00000;
17;03;9;070;99;Formentera del Segura                             ;00003;00000;00000;00000;00000;00002204;00000000;00000000;00000000;00000000;00000;00000;
17;03;9;071;99;Gata de Gorgos                                    ;00008;00000;00000;00000;00000;00004210;00000000;00000000;00000000;00000000;00000;00000;
17;03;9;072;99;Gaianes                                           ;00001;00000;00000;00000;00000;00000367;00000000;00000000;00000000;00000000;00000;00000;
17;03;9;073;99;Gorga                                             ;00001;00000;00000;00000;00000;00000233;00000000;00000000;00000000;00000000;00000;00000;
17;03;9;074;99;Granja de Rocamora                                ;00003;00000;00000;00000;00000;00001715;00000000;00000000;00000000;00000000;00000;00000;
17;03;9;075;99;El Castell de Guadalest                           ;00001;00000;00000;00000;00000;00000162;00000000;00000000;00000000;00000000;00000;00000;
17;03;9;076;99;Guardamar del Segura                              ;00015;00000;00000;00000;00000;00009094;00000000;00000000;00000000;00000000;00000;00000;
17;03;9;077;99;El Fondó de les Neus/Hondón de las Nieves         ;00003;00000;00000;00000;00000;00001601;00000000;00000000;00000000;00000000;00000;00000;
17;03;9;078;99;Hondón de los Frailes                             ;00002;00000;00000;00000;00000;00000765;00000000;00000000;00000000;00000000;00000;00000;
17;03;9;079;99;Ibi                                               ;00032;00000;00000;00000;00000;00018192;00000000;00000000;00000000;00000000;00000;00000;
17;03;9;080;99;Jacarilla                                         ;00002;00000;00000;00000;00000;00001337;00000000;00000000;00000000;00000000;00000;00000;
17;03;9;081;99;Xaló                                              ;00003;00000;00000;00000;00000;00001645;00000000;00000000;00000000;00000000;00000;00000;
17;03;9;082;99;Jávea/Xàbia                                       ;00024;00000;00000;00000;00000;00015239;00000000;00000000;00000000;00000000;00000;00000;
17;03;9;083;99;Jijona/Xixona                                     ;00010;00000;00000;00000;00000;00005685;00000000;00000000;00000000;00000000;00000;00000;
17;03;9;084;99;L'Lorcha/Orxa                                     ;00001;00000;00000;00000;00000;00000578;00000000;00000000;00000000;00000000;00000;00000;
17;03;9;085;99;Llíber                                            ;00001;00000;00000;00000;00000;00000557;00000000;00000000;00000000;00000000;00000;00000;
17;03;9;086;99;Millena                                           ;00001;00000;00000;00000;00000;00000151;00000000;00000000;00000000;00000000;00000;00000;
17;03;9;088;99;Monforte del Cid                                  ;00009;00000;00000;00000;00000;00005564;00000000;00000000;00000000;00000000;00000;00000;
17;03;9;089;99;Monóvar/Monòver                                   ;00018;00000;00000;00000;00000;00009724;00000000;00000000;00000000;00000000;00000;00000;
17;03;9;090;99;Mutxamel                                          ;00028;00000;00000;00000;00000;00017196;00000000;00000000;00000000;00000000;00000;00000;
17;03;9;091;99;Murla                                             ;00001;00000;00000;00000;00000;00000332;00000000;00000000;00000000;00000000;00000;00000;
17;03;9;092;99;Muro de Alcoy                                     ;00013;00000;00000;00000;00000;00006816;00000000;00000000;00000000;00000000;00000;00000;
17;03;9;093;99;Novelda                                           ;00034;00000;00000;00000;00000;00019799;00000000;00000000;00000000;00000000;00000;00000;
17;03;9;094;99;La Nucia                                          ;00021;00000;00000;00000;00000;00011802;00000000;00000000;00000000;00000000;00000;00000;
17;03;9;095;99;Ondara                                            ;00007;00000;00000;00000;00000;00004656;00000000;00000000;00000000;00000000;00000;00000;
17;03;9;096;99;Onil                                              ;00010;00000;00000;00000;00000;00005855;00000000;00000000;00000000;00000000;00000;00000;
17;03;9;097;99;Orba                                              ;00003;00000;00000;00000;00000;00001346;00000000;00000000;00000000;00000000;00000;00000;
17;03;9;098;99;Orxeta                                            ;00001;00000;00000;00000;00000;00000614;00000000;00000000;00000000;00000000;00000;00000;
17;03;9;099;99;Orihuela                                          ;00073;00000;00000;00000;00000;00046342;00000000;00000000;00000000;00000000;00000;00000;
17;03;9;100;99;Parcent                                           ;00001;00000;00000;00000;00000;00000711;00000000;00000000;00000000;00000000;00000;00000;
17;03;9;101;99;Pedreguer                                         ;00007;00000;00000;00000;00000;00005004;00000000;00000000;00000000;00000000;00000;00000;
17;03;9;102;99;Pego                                              ;00013;00000;00000;00000;00000;00007516;00000000;00000000;00000000;00000000;00000;00000;
17;03;9;103;99;Penàguila                                         ;00001;00000;00000;00000;00000;00000276;00000000;00000000;00000000;00000000;00000;00000;
17;03;9;104;99;Petrer                                            ;00044;00000;00000;00000;00000;00027105;00000000;00000000;00000000;00000000;00000;00000;
17;03;9;105;99;El Pinó/Pinoso                                    ;00009;00000;00000;00000;00000;00005462;00000000;00000000;00000000;00000000;00000;00000;
17;03;9;106;99;Planes                                            ;00001;00000;00000;00000;00000;00000630;00000000;00000000;00000000;00000000;00000;00000;
17;03;9;107;99;Polop                                             ;00004;00000;00000;00000;00000;00002561;00000000;00000000;00000000;00000000;00000;00000;
17;03;9;109;99;Rafal                                             ;00004;00000;00000;00000;00000;00002783;00000000;00000000;00000000;00000000;00000;00000;
17;03;9;110;99;El Ràfol d'Almúnia                                ;00001;00000;00000;00000;00000;00000362;00000000;00000000;00000000;00000000;00000;00000;
17;03;9;111;99;Redován                                           ;00009;00000;00000;00000;00000;00005362;00000000;00000000;00000000;00000000;00000;00000;
17;03;9;112;99;Relleu                                            ;00001;00000;00000;00000;00000;00000738;00000000;00000000;00000000;00000000;00000;00000;
17;03;9;113;99;Rojales                                           ;00009;00000;00000;00000;00000;00006287;00000000;00000000;00000000;00000000;00000;00000;
17;03;9;114;99;La Romana                                         ;00003;00000;00000;00000;00000;00001680;00000000;00000000;00000000;00000000;00000;00000;
17;03;9;115;99;Sagra                                             ;00001;00000;00000;00000;00000;00000297;00000000;00000000;00000000;00000000;00000;00000;
17;03;9;116;99;Salinas                                           ;00002;00000;00000;00000;00000;00001228;00000000;00000000;00000000;00000000;00000;00000;
17;03;9;117;99;Sanet y Negrals                                   ;00001;00000;00000;00000;00000;00000434;00000000;00000000;00000000;00000000;00000;00000;
17;03;9;118;99;San Fulgencio                                     ;00006;00000;00000;00000;00000;00004670;00000000;00000000;00000000;00000000;00000;00000;
17;03;9;119;99;Sant Joan d'Alacant                               ;00024;00000;00000;00000;00000;00016587;00000000;00000000;00000000;00000000;00000;00000;
17;03;9;120;99;San Miguel de Salinas                             ;00005;00000;00000;00000;00000;00003168;00000000;00000000;00000000;00000000;00000;00000;
17;03;9;121;99;Santa Pola                                        ;00036;00000;00000;00000;00000;00022385;00000000;00000000;00000000;00000000;00000;00000;
17;03;9;122;99;San Vicente del Raspeig/Sant Vicent del Raspeig   ;00068;00000;00000;00000;00000;00041685;00000000;00000000;00000000;00000000;00000;00000;
17;03;9;123;99;Sax                                               ;00012;00000;00000;00000;00000;00007560;00000000;00000000;00000000;00000000;00000;00000;
17;03;9;124;99;Sella                                             ;00001;00000;00000;00000;00000;00000484;00000000;00000000;00000000;00000000;00000;00000;
17;03;9;125;99;Senija                                            ;00001;00000;00000;00000;00000;00000392;00000000;00000000;00000000;00000000;00000;00000;
17;03;9;127;99;Tàrbena                                           ;00001;00000;00000;00000;00000;00000432;00000000;00000000;00000000;00000000;00000;00000;
17;03;9;128;99;Teulada                                           ;00008;00000;00000;00000;00000;00007014;00000000;00000000;00000000;00000000;00000;00000;
17;03;9;129;99;Tibi                                              ;00002;00000;00000;00000;00000;00001286;00000000;00000000;00000000;00000000;00000;00000;
17;03;9;130;99;Tollos                                            ;00001;00000;00000;00000;00000;00000045;00000000;00000000;00000000;00000000;00000;00000;
17;03;9;131;99;Tormos                                            ;00001;00000;00000;00000;00000;00000252;00000000;00000000;00000000;00000000;00000;00000;
17;03;9;132;99;Torremanzanas/La Torre de les Maçanes             ;00001;00000;00000;00000;00000;00000560;00000000;00000000;00000000;00000000;00000;00000;
17;03;9;133;99;Torrevieja                                        ;00076;00000;00000;00000;00000;00045327;00000000;00000000;00000000;00000000;00000;00000;
17;03;9;134;99;La Vall d'Alcalà                                  ;00001;00000;00000;00000;00000;00000159;00000000;00000000;00000000;00000000;00000;00000;
17;03;9;135;99;La Vall d'Ebo                                     ;00001;00000;00000;00000;00000;00000236;00000000;00000000;00000000;00000000;00000;00000;
17;03;9;136;99;Vall de Gallinera                                 ;00001;00000;00000;00000;00000;00000465;00000000;00000000;00000000;00000000;00000;00000;
17;03;9;137;99;La Vall de Laguar                                 ;00003;00000;00000;00000;00000;00000697;00000000;00000000;00000000;00000000;00000;00000;
17;03;9;138;99;El Verger                                         ;00005;00000;00000;00000;00000;00003227;00000000;00000000;00000000;00000000;00000;00000;
17;03;9;139;99;Villajoyosa/La Vila Joiosa                        ;00038;00000;00000;00000;00000;00022616;00000000;00000000;00000000;00000000;00000;00000;
17;03;9;140;99;Villena                                           ;00049;00000;00000;00000;00000;00026413;00000000;00000000;00000000;00000000;00000;00000;
17;03;9;901;99;Els Poblets                                       ;00003;00000;00000;00000;00000;00001642;00000000;00000000;00000000;00000000;00000;00000;
17;03;9;902;99;Pilar de la Horadada                              ;00018;00000;00000;00000;00000;00011133;00000000;00000000;00000000;00000000;00000;00000;
17;03;9;903;99;Los Montesinos                                    ;00004;00000;00000;00000;00000;00002830;00000000;00000000;00000000;00000000;00000;00000;
17;03;9;904;99;San Isidro                                        ;00002;00000;00000;00000;00000;00001408;00000000;00000000;00000000;00000000;00000;00000;
