05;38;9;001;99;Adeje                                             ;00027;00000;00000;00000;00000;00021155;00000000;00000000;00000000;00000000;00000;00000;
05;38;9;002;99;Agulo                                             ;00002;00000;00000;00000;00000;00000954;00000000;00000000;00000000;00000000;00000;00000;
05;38;9;003;99;Alajeró                                           ;00002;00000;00000;00000;00000;00001491;00000000;00000000;00000000;00000000;00000;00000;
05;38;9;004;99;Arafo                                             ;00006;00000;00000;00000;00000;00004476;00000000;00000000;00000000;00000000;00000;00000;
05;38;9;005;99;Arico                                             ;00010;00000;00000;00000;00000;00005535;00000000;00000000;00000000;00000000;00000;00000;
05;38;9;006;99;Arona                                             ;00055;00000;00000;00000;00000;00045350;00000000;00000000;00000000;00000000;00000;00000;
05;38;9;007;99;Barlovento                                        ;00003;00000;00000;00000;00000;00001773;00000000;00000000;00000000;00000000;00000;00000;
05;38;9;008;99;Breña Alta                                        ;00006;00000;00000;00000;00000;00005710;00000000;00000000;00000000;00000000;00000;00000;
05;38;9;009;99;Breña Baja                                        ;00006;00000;00000;00000;00000;00004097;00000000;00000000;00000000;00000000;00000;00000;
05;38;9;010;99;Buenavista del Norte                              ;00005;00000;00000;00000;00000;00004048;00000000;00000000;00000000;00000000;00000;00000;
05;38;9;011;99;Candelaria                                        ;00025;00000;00000;00000;00000;00020272;00000000;00000000;00000000;00000000;00000;00000;
05;38;9;012;99;Fasnia                                            ;00004;00000;00000;00000;00000;00002419;00000000;00000000;00000000;00000000;00000;00000;
05;38;9;013;99;Frontera                                          ;00004;00000;00000;00000;00000;00002896;00000000;00000000;00000000;00000000;00000;00000;
05;38;9;014;99;Fuencaliente de la Palma                          ;00002;00000;00000;00000;00000;00001426;00000000;00000000;00000000;00000000;00000;00000;
05;38;9;015;99;Garachico                                         ;00008;00000;00000;00000;00000;00004292;00000000;00000000;00000000;00000000;00000;00000;
05;38;9;016;99;Garafía                                           ;00003;00000;00000;00000;00000;00001273;00000000;00000000;00000000;00000000;00000;00000;
05;38;9;017;99;Granadilla de Abona                               ;00035;00000;00000;00000;00000;00027549;00000000;00000000;00000000;00000000;00000;00000;
05;38;9;018;99;La Guancha                                        ;00005;00000;00000;00000;00000;00004453;00000000;00000000;00000000;00000000;00000;00000;
05;38;9;019;99;Guía de Isora                                     ;00017;00000;00000;00000;00000;00013348;00000000;00000000;00000000;00000000;00000;00000;
05;38;9;020;99;Güímar                                            ;00023;00000;00000;00000;00000;00014940;00000000;00000000;00000000;00000000;00000;00000;
05;38;9;021;99;Hermigua                                          ;00004;00000;00000;00000;00000;00001718;00000000;00000000;00000000;00000000;00000;00000;
05;38;9;022;99;Icod de los Vinos                                 ;00029;00000;00000;00000;00000;00018750;00000000;00000000;00000000;00000000;00000;00000;
05;38;9;023;99;San Cristóbal de La Laguna                        ;00154;00000;00000;00000;00000;00121235;00000000;00000000;00000000;00000000;00000;00000;
05;38;9;024;99;Los Llanos de Aridane                             ;00017;00000;00000;00000;00000;00015283;00000000;00000000;00000000;00000000;00000;00000;
05;38;9;025;99;La Matanza de Acentejo                            ;00010;00000;00000;00000;00000;00006874;00000000;00000000;00000000;00000000;00000;00000;
05;38;9;026;99;La Orotava                                        ;00046;00000;00000;00000;00000;00032935;00000000;00000000;00000000;00000000;00000;00000;
05;38;9;027;99;El Paso                                           ;00007;00000;00000;00000;00000;00005694;00000000;00000000;00000000;00000000;00000;00000;
05;38;9;028;99;Puerto de la Cruz                                 ;00027;00000;00000;00000;00000;00022981;00000000;00000000;00000000;00000000;00000;00000;
05;38;9;029;99;Puntagorda                                        ;00003;00000;00000;00000;00000;00001591;00000000;00000000;00000000;00000000;00000;00000;
05;38;9;030;99;Puntallana                                        ;00003;00000;00000;00000;00000;00001937;00000000;00000000;00000000;00000000;00000;00000;
05;38;9;031;99;Los Realejos                                      ;00040;00000;00000;00000;00000;00029040;00000000;00000000;00000000;00000000;00000;00000;
05;38;9;032;99;El Rosario                                        ;00017;00000;00000;00000;00000;00013516;00000000;00000000;00000000;00000000;00000;00000;
05;38;9;033;99;San Andrés y Sauces                               ;00008;00000;00000;00000;00000;00003857;00000000;00000000;00000000;00000000;00000;00000;
05;38;9;034;99;San Juan de la Rambla                             ;00006;00000;00000;00000;00000;00004145;00000000;00000000;00000000;00000000;00000;00000;
05;38;9;035;99;San Miguel de Abona                               ;00013;00000;00000;00000;00000;00009332;00000000;00000000;00000000;00000000;00000;00000;
05;38;9;036;99;San Sebastián de la Gomera                        ;00009;00000;00000;00000;00000;00006625;00000000;00000000;00000000;00000000;00000;00000;
05;38;9;037;99;Santa Cruz de la Palma                            ;00016;00000;00000;00000;00000;00013209;00000000;00000000;00000000;00000000;00000;00000;
05;38;9;038;99;Santa Cruz de Tenerife                            ;00200;00000;00000;00000;00000;00162634;00000000;00000000;00000000;00000000;00000;00000;
05;38;9;039;99;Santa Úrsula                                      ;00013;00000;00000;00000;00000;00010668;00000000;00000000;00000000;00000000;00000;00000;
05;38;9;040;99;Santiago del Teide                                ;00007;00000;00000;00000;00000;00005449;00000000;00000000;00000000;00000000;00000;00000;
05;38;9;041;99;El Sauzal                                         ;00009;00000;00000;00000;00000;00006960;00000000;00000000;00000000;00000000;00000;00000;
05;38;9;042;99;Los Silos                                         ;00006;00000;00000;00000;00000;00003851;00000000;00000000;00000000;00000000;00000;00000;
05;38;9;043;99;Tacoronte                                         ;00024;00000;00000;00000;00000;00019062;00000000;00000000;00000000;00000000;00000;00000;
05;38;9;044;99;El Tanque                                         ;00004;00000;00000;00000;00000;00002307;00000000;00000000;00000000;00000000;00000;00000;
05;38;9;045;99;Tazacorte                                         ;00005;00000;00000;00000;00000;00004260;00000000;00000000;00000000;00000000;00000;00000;
05;38;9;046;99;Tegueste                                          ;00011;00000;00000;00000;00000;00009129;00000000;00000000;00000000;00000000;00000;00000;
05;38;9;047;99;Tijarafe                                          ;00003;00000;00000;00000;00000;00001922;00000000;00000000;00000000;00000000;00000;00000;
05;38;9;048;99;Valverde                                          ;00006;00000;00000;00000;00000;00003943;00000000;00000000;00000000;00000000;00000;00000;
05;38;9;049;99;Valle Gran Rey                                    ;00005;00000;00000;00000;00000;00002982;00000000;00000000;00000000;00000000;00000;00000;
05;38;9;050;99;Vallehermoso                                      ;00005;00000;00000;00000;00000;00002511;00000000;00000000;00000000;00000000;00000;00000;
05;38;9;051;99;La Victoria de Acentejo                           ;00008;00000;00000;00000;00000;00007262;00000000;00000000;00000000;00000000;00000;00000;
05;38;9;052;99;Vilaflor                                          ;00002;00000;00000;00000;00000;00001335;00000000;00000000;00000000;00000000;00000;00000;
05;38;9;053;99;Villa de Mazo                                     ;00005;00000;00000;00000;00000;00003873;00000000;00000000;00000000;00000000;00000;00000;
05;38;9;901;99;El Pinar de El Hierro                             ;00002;00000;00000;00000;00000;00001427;00000000;00000000;00000000;00000000;00000;00000;
