02;44;9;001;99;Ababuj                                            ;00001;00000;00000;00000;00000;00000060;00000000;00000000;00000000;00000000;00000;00000;
02;44;9;002;99;Abejuela                                          ;00001;00000;00000;00000;00000;00000041;00000000;00000000;00000000;00000000;00000;00000;
02;44;9;003;99;Aguatón                                           ;00001;00000;00000;00000;00000;00000018;00000000;00000000;00000000;00000000;00000;00000;
02;44;9;004;99;Aguaviva                                          ;00001;00000;00000;00000;00000;00000441;00000000;00000000;00000000;00000000;00000;00000;
02;44;9;005;99;Aguilar del Alfambra                              ;00001;00000;00000;00000;00000;00000059;00000000;00000000;00000000;00000000;00000;00000;
02;44;9;006;99;Alacón                                            ;00001;00000;00000;00000;00000;00000265;00000000;00000000;00000000;00000000;00000;00000;
02;44;9;007;99;Alba                                              ;00001;00000;00000;00000;00000;00000185;00000000;00000000;00000000;00000000;00000;00000;
02;44;9;008;99;Albalate del Arzobispo                            ;00003;00000;00000;00000;00000;00001645;00000000;00000000;00000000;00000000;00000;00000;
02;44;9;009;99;Albarracín                                        ;00001;00000;00000;00000;00000;00000824;00000000;00000000;00000000;00000000;00000;00000;
02;44;9;010;99;Albentosa                                         ;00001;00000;00000;00000;00000;00000181;00000000;00000000;00000000;00000000;00000;00000;
02;44;9;011;99;Alcaine                                           ;00001;00000;00000;00000;00000;00000063;00000000;00000000;00000000;00000000;00000;00000;
02;44;9;012;99;Alcalá de la Selva                                ;00001;00000;00000;00000;00000;00000347;00000000;00000000;00000000;00000000;00000;00000;
02;44;9;013;99;Alcañiz                                           ;00015;00000;00000;00000;00000;00011412;00000000;00000000;00000000;00000000;00000;00000;
02;44;9;014;99;Alcorisa                                          ;00004;00000;00000;00000;00000;00002583;00000000;00000000;00000000;00000000;00000;00000;
02;44;9;016;99;Alfambra                                          ;00001;00000;00000;00000;00000;00000498;00000000;00000000;00000000;00000000;00000;00000;
02;44;9;017;99;Aliaga                                            ;00001;00000;00000;00000;00000;00000298;00000000;00000000;00000000;00000000;00000;00000;
02;44;9;018;99;Almohaja                                          ;00001;00000;00000;00000;00000;00000020;00000000;00000000;00000000;00000000;00000;00000;
02;44;9;019;99;Alobras                                           ;00001;00000;00000;00000;00000;00000074;00000000;00000000;00000000;00000000;00000;00000;
02;44;9;020;99;Alpeñés                                           ;00001;00000;00000;00000;00000;00000022;00000000;00000000;00000000;00000000;00000;00000;
02;44;9;021;99;Allepuz                                           ;00001;00000;00000;00000;00000;00000106;00000000;00000000;00000000;00000000;00000;00000;
02;44;9;022;99;Alloza                                            ;00001;00000;00000;00000;00000;00000520;00000000;00000000;00000000;00000000;00000;00000;
02;44;9;023;99;Allueva                                           ;00001;00000;00000;00000;00000;00000012;00000000;00000000;00000000;00000000;00000;00000;
02;44;9;024;99;Anadón                                            ;00001;00000;00000;00000;00000;00000024;00000000;00000000;00000000;00000000;00000;00000;
02;44;9;025;99;Andorra                                           ;00008;00000;00000;00000;00000;00006186;00000000;00000000;00000000;00000000;00000;00000;
02;44;9;026;99;Arcos de las Salinas                              ;00001;00000;00000;00000;00000;00000090;00000000;00000000;00000000;00000000;00000;00000;
02;44;9;027;99;Arens de Lledó                                    ;00001;00000;00000;00000;00000;00000163;00000000;00000000;00000000;00000000;00000;00000;
02;44;9;028;99;Argente                                           ;00001;00000;00000;00000;00000;00000192;00000000;00000000;00000000;00000000;00000;00000;
02;44;9;029;99;Ariño                                             ;00001;00000;00000;00000;00000;00000591;00000000;00000000;00000000;00000000;00000;00000;
02;44;9;031;99;Azaila                                            ;00001;00000;00000;00000;00000;00000108;00000000;00000000;00000000;00000000;00000;00000;
02;44;9;032;99;Bádenas                                           ;00001;00000;00000;00000;00000;00000016;00000000;00000000;00000000;00000000;00000;00000;
02;44;9;033;99;Báguena                                           ;00001;00000;00000;00000;00000;00000285;00000000;00000000;00000000;00000000;00000;00000;
02;44;9;034;99;Bañón                                             ;00001;00000;00000;00000;00000;00000137;00000000;00000000;00000000;00000000;00000;00000;
02;44;9;035;99;Barrachina                                        ;00001;00000;00000;00000;00000;00000120;00000000;00000000;00000000;00000000;00000;00000;
02;44;9;036;99;Bea                                               ;00001;00000;00000;00000;00000;00000024;00000000;00000000;00000000;00000000;00000;00000;
02;44;9;037;99;Beceite                                           ;00001;00000;00000;00000;00000;00000479;00000000;00000000;00000000;00000000;00000;00000;
02;44;9;038;99;Belmonte de San José                              ;00001;00000;00000;00000;00000;00000110;00000000;00000000;00000000;00000000;00000;00000;
02;44;9;039;99;Bello                                             ;00001;00000;00000;00000;00000;00000226;00000000;00000000;00000000;00000000;00000;00000;
02;44;9;040;99;Berge                                             ;00001;00000;00000;00000;00000;00000200;00000000;00000000;00000000;00000000;00000;00000;
02;44;9;041;99;Bezas                                             ;00001;00000;00000;00000;00000;00000061;00000000;00000000;00000000;00000000;00000;00000;
02;44;9;042;99;Blancas                                           ;00001;00000;00000;00000;00000;00000132;00000000;00000000;00000000;00000000;00000;00000;
02;44;9;043;99;Blesa                                             ;00001;00000;00000;00000;00000;00000110;00000000;00000000;00000000;00000000;00000;00000;
02;44;9;044;99;Bordón                                            ;00001;00000;00000;00000;00000;00000097;00000000;00000000;00000000;00000000;00000;00000;
02;44;9;045;99;Bronchales                                        ;00001;00000;00000;00000;00000;00000365;00000000;00000000;00000000;00000000;00000;00000;
02;44;9;046;99;Bueña                                             ;00001;00000;00000;00000;00000;00000056;00000000;00000000;00000000;00000000;00000;00000;
02;44;9;047;99;Burbáguena                                        ;00001;00000;00000;00000;00000;00000237;00000000;00000000;00000000;00000000;00000;00000;
02;44;9;048;99;Cabra de Mora                                     ;00001;00000;00000;00000;00000;00000065;00000000;00000000;00000000;00000000;00000;00000;
02;44;9;049;99;Calaceite                                         ;00001;00000;00000;00000;00000;00000871;00000000;00000000;00000000;00000000;00000;00000;
02;44;9;050;99;Calamocha                                         ;00006;00000;00000;00000;00000;00003214;00000000;00000000;00000000;00000000;00000;00000;
02;44;9;051;99;Calanda                                           ;00003;00000;00000;00000;00000;00002779;00000000;00000000;00000000;00000000;00000;00000;
02;44;9;052;99;Calomarde                                         ;00001;00000;00000;00000;00000;00000086;00000000;00000000;00000000;00000000;00000;00000;
02;44;9;053;99;Camañas                                           ;00001;00000;00000;00000;00000;00000105;00000000;00000000;00000000;00000000;00000;00000;
02;44;9;054;99;Camarena de la Sierra                             ;00001;00000;00000;00000;00000;00000119;00000000;00000000;00000000;00000000;00000;00000;
02;44;9;055;99;Camarillas                                        ;00001;00000;00000;00000;00000;00000072;00000000;00000000;00000000;00000000;00000;00000;
02;44;9;056;99;Caminreal                                         ;00001;00000;00000;00000;00000;00000543;00000000;00000000;00000000;00000000;00000;00000;
02;44;9;059;99;Cantavieja                                        ;00001;00000;00000;00000;00000;00000553;00000000;00000000;00000000;00000000;00000;00000;
02;44;9;060;99;Cañada de Benatanduz                              ;00001;00000;00000;00000;00000;00000040;00000000;00000000;00000000;00000000;00000;00000;
02;44;9;061;99;La Cañada de Verich                               ;00001;00000;00000;00000;00000;00000075;00000000;00000000;00000000;00000000;00000;00000;
02;44;9;062;99;Cañada Vellida                                    ;00001;00000;00000;00000;00000;00000037;00000000;00000000;00000000;00000000;00000;00000;
02;44;9;063;99;Cañizar del Olivar                                ;00001;00000;00000;00000;00000;00000079;00000000;00000000;00000000;00000000;00000;00000;
02;44;9;064;99;Cascante del Río                                  ;00001;00000;00000;00000;00000;00000078;00000000;00000000;00000000;00000000;00000;00000;
02;44;9;065;99;Castejón de Tornos                                ;00001;00000;00000;00000;00000;00000056;00000000;00000000;00000000;00000000;00000;00000;
02;44;9;066;99;Castel de Cabra                                   ;00001;00000;00000;00000;00000;00000112;00000000;00000000;00000000;00000000;00000;00000;
02;44;9;067;99;Castelnou                                         ;00001;00000;00000;00000;00000;00000121;00000000;00000000;00000000;00000000;00000;00000;
02;44;9;068;99;Castelserás                                       ;00001;00000;00000;00000;00000;00000679;00000000;00000000;00000000;00000000;00000;00000;
02;44;9;070;99;El Castellar                                      ;00001;00000;00000;00000;00000;00000057;00000000;00000000;00000000;00000000;00000;00000;
02;44;9;071;99;Castellote                                        ;00001;00000;00000;00000;00000;00000638;00000000;00000000;00000000;00000000;00000;00000;
02;44;9;074;99;Cedrillas                                         ;00001;00000;00000;00000;00000;00000453;00000000;00000000;00000000;00000000;00000;00000;
02;44;9;075;99;Celadas                                           ;00001;00000;00000;00000;00000;00000323;00000000;00000000;00000000;00000000;00000;00000;
02;44;9;076;99;Cella                                             ;00003;00000;00000;00000;00000;00002303;00000000;00000000;00000000;00000000;00000;00000;
02;44;9;077;99;La Cerollera                                      ;00001;00000;00000;00000;00000;00000085;00000000;00000000;00000000;00000000;00000;00000;
02;44;9;080;99;La Codoñera                                       ;00001;00000;00000;00000;00000;00000297;00000000;00000000;00000000;00000000;00000;00000;
02;44;9;082;99;Corbalán                                          ;00001;00000;00000;00000;00000;00000091;00000000;00000000;00000000;00000000;00000;00000;
02;44;9;084;99;Cortes de Aragón                                  ;00001;00000;00000;00000;00000;00000059;00000000;00000000;00000000;00000000;00000;00000;
02;44;9;085;99;Cosa                                              ;00001;00000;00000;00000;00000;00000055;00000000;00000000;00000000;00000000;00000;00000;
02;44;9;086;99;Cretas                                            ;00001;00000;00000;00000;00000;00000470;00000000;00000000;00000000;00000000;00000;00000;
02;44;9;087;99;Crivillén                                         ;00001;00000;00000;00000;00000;00000088;00000000;00000000;00000000;00000000;00000;00000;
02;44;9;088;99;La Cuba                                           ;00001;00000;00000;00000;00000;00000038;00000000;00000000;00000000;00000000;00000;00000;
02;44;9;089;99;Cubla                                             ;00001;00000;00000;00000;00000;00000045;00000000;00000000;00000000;00000000;00000;00000;
02;44;9;090;99;Cucalón                                           ;00001;00000;00000;00000;00000;00000082;00000000;00000000;00000000;00000000;00000;00000;
02;44;9;092;99;El Cuervo                                         ;00001;00000;00000;00000;00000;00000081;00000000;00000000;00000000;00000000;00000;00000;
02;44;9;093;99;Cuevas de Almudén                                 ;00001;00000;00000;00000;00000;00000088;00000000;00000000;00000000;00000000;00000;00000;
02;44;9;094;99;Cuevas Labradas                                   ;00001;00000;00000;00000;00000;00000115;00000000;00000000;00000000;00000000;00000;00000;
02;44;9;096;99;Ejulve                                            ;00001;00000;00000;00000;00000;00000166;00000000;00000000;00000000;00000000;00000;00000;
02;44;9;097;99;Escorihuela                                       ;00001;00000;00000;00000;00000;00000147;00000000;00000000;00000000;00000000;00000;00000;
02;44;9;099;99;Escucha                                           ;00001;00000;00000;00000;00000;00000705;00000000;00000000;00000000;00000000;00000;00000;
02;44;9;100;99;Estercuel                                         ;00001;00000;00000;00000;00000;00000183;00000000;00000000;00000000;00000000;00000;00000;
02;44;9;101;99;Ferreruela de Huerva                              ;00001;00000;00000;00000;00000;00000056;00000000;00000000;00000000;00000000;00000;00000;
02;44;9;102;99;Fonfría                                           ;00001;00000;00000;00000;00000;00000030;00000000;00000000;00000000;00000000;00000;00000;
02;44;9;103;99;Formiche Alto                                     ;00001;00000;00000;00000;00000;00000124;00000000;00000000;00000000;00000000;00000;00000;
02;44;9;105;99;Fórnoles                                          ;00001;00000;00000;00000;00000;00000077;00000000;00000000;00000000;00000000;00000;00000;
02;44;9;106;99;Fortanete                                         ;00001;00000;00000;00000;00000;00000161;00000000;00000000;00000000;00000000;00000;00000;
02;44;9;107;99;Foz-Calanda                                       ;00001;00000;00000;00000;00000;00000229;00000000;00000000;00000000;00000000;00000;00000;
02;44;9;108;99;La Fresneda                                       ;00001;00000;00000;00000;00000;00000340;00000000;00000000;00000000;00000000;00000;00000;
02;44;9;109;99;Frías de Albarracín                               ;00001;00000;00000;00000;00000;00000116;00000000;00000000;00000000;00000000;00000;00000;
02;44;9;110;99;Fuenferrada                                       ;00001;00000;00000;00000;00000;00000057;00000000;00000000;00000000;00000000;00000;00000;
02;44;9;111;99;Fuentes Calientes                                 ;00001;00000;00000;00000;00000;00000101;00000000;00000000;00000000;00000000;00000;00000;
02;44;9;112;99;Fuentes Claras                                    ;00001;00000;00000;00000;00000;00000451;00000000;00000000;00000000;00000000;00000;00000;
02;44;9;113;99;Fuentes de Rubielos                               ;00001;00000;00000;00000;00000;00000079;00000000;00000000;00000000;00000000;00000;00000;
02;44;9;114;99;Fuentespalda                                      ;00001;00000;00000;00000;00000;00000258;00000000;00000000;00000000;00000000;00000;00000;
02;44;9;115;99;Galve                                             ;00001;00000;00000;00000;00000;00000107;00000000;00000000;00000000;00000000;00000;00000;
02;44;9;116;99;Gargallo                                          ;00001;00000;00000;00000;00000;00000089;00000000;00000000;00000000;00000000;00000;00000;
02;44;9;117;99;Gea de Albarracín                                 ;00001;00000;00000;00000;00000;00000349;00000000;00000000;00000000;00000000;00000;00000;
02;44;9;118;99;La Ginebrosa                                      ;00001;00000;00000;00000;00000;00000173;00000000;00000000;00000000;00000000;00000;00000;
02;44;9;119;99;Griegos                                           ;00001;00000;00000;00000;00000;00000132;00000000;00000000;00000000;00000000;00000;00000;
02;44;9;120;99;Guadalaviar                                       ;00001;00000;00000;00000;00000;00000222;00000000;00000000;00000000;00000000;00000;00000;
02;44;9;121;99;Gúdar                                             ;00001;00000;00000;00000;00000;00000059;00000000;00000000;00000000;00000000;00000;00000;
02;44;9;122;99;Híjar                                             ;00002;00000;00000;00000;00000;00001393;00000000;00000000;00000000;00000000;00000;00000;
02;44;9;123;99;Hinojosa de Jarque                                ;00001;00000;00000;00000;00000;00000110;00000000;00000000;00000000;00000000;00000;00000;
02;44;9;124;99;La Hoz de la Vieja                                ;00001;00000;00000;00000;00000;00000080;00000000;00000000;00000000;00000000;00000;00000;
02;44;9;125;99;Huesa del Común                                   ;00001;00000;00000;00000;00000;00000066;00000000;00000000;00000000;00000000;00000;00000;
02;44;9;126;99;La Iglesuela del Cid                              ;00001;00000;00000;00000;00000;00000344;00000000;00000000;00000000;00000000;00000;00000;
02;44;9;127;99;Jabaloyas                                         ;00001;00000;00000;00000;00000;00000068;00000000;00000000;00000000;00000000;00000;00000;
02;44;9;128;99;Jarque de la Val                                  ;00001;00000;00000;00000;00000;00000073;00000000;00000000;00000000;00000000;00000;00000;
02;44;9;129;99;Jatiel                                            ;00001;00000;00000;00000;00000;00000042;00000000;00000000;00000000;00000000;00000;00000;
02;44;9;130;99;Jorcas                                            ;00001;00000;00000;00000;00000;00000034;00000000;00000000;00000000;00000000;00000;00000;
02;44;9;131;99;Josa                                              ;00001;00000;00000;00000;00000;00000025;00000000;00000000;00000000;00000000;00000;00000;
02;44;9;132;99;Lagueruela                                        ;00001;00000;00000;00000;00000;00000062;00000000;00000000;00000000;00000000;00000;00000;
02;44;9;133;99;Lanzuela                                          ;00001;00000;00000;00000;00000;00000023;00000000;00000000;00000000;00000000;00000;00000;
02;44;9;135;99;Libros                                            ;00001;00000;00000;00000;00000;00000130;00000000;00000000;00000000;00000000;00000;00000;
02;44;9;136;99;Lidón                                             ;00001;00000;00000;00000;00000;00000050;00000000;00000000;00000000;00000000;00000;00000;
02;44;9;137;99;Linares de Mora                                   ;00001;00000;00000;00000;00000;00000203;00000000;00000000;00000000;00000000;00000;00000;
02;44;9;138;99;Loscos                                            ;00001;00000;00000;00000;00000;00000145;00000000;00000000;00000000;00000000;00000;00000;
02;44;9;141;99;Lledó                                             ;00001;00000;00000;00000;00000;00000142;00000000;00000000;00000000;00000000;00000;00000;
02;44;9;142;99;Maicas                                            ;00001;00000;00000;00000;00000;00000034;00000000;00000000;00000000;00000000;00000;00000;
02;44;9;143;99;Manzanera                                         ;00001;00000;00000;00000;00000;00000382;00000000;00000000;00000000;00000000;00000;00000;
02;44;9;144;99;Martín del Río                                    ;00001;00000;00000;00000;00000;00000346;00000000;00000000;00000000;00000000;00000;00000;
02;44;9;145;99;Mas de las Matas                                  ;00001;00000;00000;00000;00000;00001071;00000000;00000000;00000000;00000000;00000;00000;
02;44;9;146;99;La Mata de los Olmos                              ;00001;00000;00000;00000;00000;00000185;00000000;00000000;00000000;00000000;00000;00000;
02;44;9;147;99;Mazaleón                                          ;00001;00000;00000;00000;00000;00000421;00000000;00000000;00000000;00000000;00000;00000;
02;44;9;148;99;Mezquita de Jarque                                ;00001;00000;00000;00000;00000;00000098;00000000;00000000;00000000;00000000;00000;00000;
02;44;9;149;99;Mirambel                                          ;00001;00000;00000;00000;00000;00000103;00000000;00000000;00000000;00000000;00000;00000;
02;44;9;150;99;Miravete de la Sierra                             ;00001;00000;00000;00000;00000;00000034;00000000;00000000;00000000;00000000;00000;00000;
02;44;9;151;99;Molinos                                           ;00001;00000;00000;00000;00000;00000207;00000000;00000000;00000000;00000000;00000;00000;
02;44;9;152;99;Monforte de Moyuela                               ;00001;00000;00000;00000;00000;00000063;00000000;00000000;00000000;00000000;00000;00000;
02;44;9;153;99;Monreal del Campo                                 ;00002;00000;00000;00000;00000;00001875;00000000;00000000;00000000;00000000;00000;00000;
02;44;9;154;99;Monroyo                                           ;00001;00000;00000;00000;00000;00000274;00000000;00000000;00000000;00000000;00000;00000;
02;44;9;155;99;Montalbán                                         ;00001;00000;00000;00000;00000;00001140;00000000;00000000;00000000;00000000;00000;00000;
02;44;9;156;99;Monteagudo del Castillo                           ;00001;00000;00000;00000;00000;00000050;00000000;00000000;00000000;00000000;00000;00000;
02;44;9;157;99;Monterde de Albarracín                            ;00001;00000;00000;00000;00000;00000071;00000000;00000000;00000000;00000000;00000;00000;
02;44;9;158;99;Mora de Rubielos                                  ;00001;00000;00000;00000;00000;00001164;00000000;00000000;00000000;00000000;00000;00000;
02;44;9;159;99;Moscardón                                         ;00001;00000;00000;00000;00000;00000043;00000000;00000000;00000000;00000000;00000;00000;
02;44;9;160;99;Mosqueruela                                       ;00001;00000;00000;00000;00000;00000487;00000000;00000000;00000000;00000000;00000;00000;
02;44;9;161;99;Muniesa                                           ;00001;00000;00000;00000;00000;00000467;00000000;00000000;00000000;00000000;00000;00000;
02;44;9;163;99;Noguera de Albarracín                             ;00001;00000;00000;00000;00000;00000119;00000000;00000000;00000000;00000000;00000;00000;
02;44;9;164;99;Nogueras                                          ;00001;00000;00000;00000;00000;00000028;00000000;00000000;00000000;00000000;00000;00000;
02;44;9;165;99;Nogueruelas                                       ;00001;00000;00000;00000;00000;00000186;00000000;00000000;00000000;00000000;00000;00000;
02;44;9;167;99;Obón                                              ;00001;00000;00000;00000;00000;00000036;00000000;00000000;00000000;00000000;00000;00000;
02;44;9;168;99;Odón                                              ;00001;00000;00000;00000;00000;00000194;00000000;00000000;00000000;00000000;00000;00000;
02;44;9;169;99;Ojos Negros                                       ;00001;00000;00000;00000;00000;00000364;00000000;00000000;00000000;00000000;00000;00000;
02;44;9;171;99;Olba                                              ;00001;00000;00000;00000;00000;00000201;00000000;00000000;00000000;00000000;00000;00000;
02;44;9;172;99;Oliete                                            ;00001;00000;00000;00000;00000;00000326;00000000;00000000;00000000;00000000;00000;00000;
02;44;9;173;99;Los Olmos                                         ;00001;00000;00000;00000;00000;00000105;00000000;00000000;00000000;00000000;00000;00000;
02;44;9;174;99;Orihuela del Tremedal                             ;00001;00000;00000;00000;00000;00000443;00000000;00000000;00000000;00000000;00000;00000;
02;44;9;175;99;Orrios                                            ;00001;00000;00000;00000;00000;00000132;00000000;00000000;00000000;00000000;00000;00000;
02;44;9;176;99;Palomar de Arroyos                                ;00001;00000;00000;00000;00000;00000167;00000000;00000000;00000000;00000000;00000;00000;
02;44;9;177;99;Pancrudo                                          ;00001;00000;00000;00000;00000;00000114;00000000;00000000;00000000;00000000;00000;00000;
02;44;9;178;99;Las Parras de Castellote                          ;00001;00000;00000;00000;00000;00000055;00000000;00000000;00000000;00000000;00000;00000;
02;44;9;179;99;Peñarroya de Tastavins                            ;00001;00000;00000;00000;00000;00000353;00000000;00000000;00000000;00000000;00000;00000;
02;44;9;180;99;Peracense                                         ;00001;00000;00000;00000;00000;00000064;00000000;00000000;00000000;00000000;00000;00000;
02;44;9;181;99;Peralejos                                         ;00001;00000;00000;00000;00000;00000076;00000000;00000000;00000000;00000000;00000;00000;
02;44;9;182;99;Perales del Alfambra                              ;00001;00000;00000;00000;00000;00000203;00000000;00000000;00000000;00000000;00000;00000;
02;44;9;183;99;Pitarque                                          ;00001;00000;00000;00000;00000;00000077;00000000;00000000;00000000;00000000;00000;00000;
02;44;9;184;99;Plou                                              ;00001;00000;00000;00000;00000;00000035;00000000;00000000;00000000;00000000;00000;00000;
02;44;9;185;99;El Pobo                                           ;00001;00000;00000;00000;00000;00000110;00000000;00000000;00000000;00000000;00000;00000;
02;44;9;187;99;La Portellada                                     ;00001;00000;00000;00000;00000;00000201;00000000;00000000;00000000;00000000;00000;00000;
02;44;9;189;99;Pozondón                                          ;00001;00000;00000;00000;00000;00000064;00000000;00000000;00000000;00000000;00000;00000;
02;44;9;190;99;Pozuel del Campo                                  ;00001;00000;00000;00000;00000;00000076;00000000;00000000;00000000;00000000;00000;00000;
02;44;9;191;99;La Puebla de Híjar                                ;00002;00000;00000;00000;00000;00000791;00000000;00000000;00000000;00000000;00000;00000;
02;44;9;192;99;La Puebla de Valverde                             ;00001;00000;00000;00000;00000;00000408;00000000;00000000;00000000;00000000;00000;00000;
02;44;9;193;99;Puertomingalvo                                    ;00001;00000;00000;00000;00000;00000082;00000000;00000000;00000000;00000000;00000;00000;
02;44;9;194;99;Ráfales                                           ;00001;00000;00000;00000;00000;00000114;00000000;00000000;00000000;00000000;00000;00000;
02;44;9;195;99;Rillo                                             ;00001;00000;00000;00000;00000;00000103;00000000;00000000;00000000;00000000;00000;00000;
02;44;9;196;99;Riodeva                                           ;00001;00000;00000;00000;00000;00000149;00000000;00000000;00000000;00000000;00000;00000;
02;44;9;197;99;Ródenas                                           ;00001;00000;00000;00000;00000;00000065;00000000;00000000;00000000;00000000;00000;00000;
02;44;9;198;99;Royuela                                           ;00001;00000;00000;00000;00000;00000197;00000000;00000000;00000000;00000000;00000;00000;
02;44;9;199;99;Rubiales                                          ;00001;00000;00000;00000;00000;00000042;00000000;00000000;00000000;00000000;00000;00000;
02;44;9;200;99;Rubielos de la Cérida                             ;00001;00000;00000;00000;00000;00000041;00000000;00000000;00000000;00000000;00000;00000;
02;44;9;201;99;Rubielos de Mora                                  ;00001;00000;00000;00000;00000;00000503;00000000;00000000;00000000;00000000;00000;00000;
02;44;9;203;99;Salcedillo                                        ;00001;00000;00000;00000;00000;00000008;00000000;00000000;00000000;00000000;00000;00000;
02;44;9;204;99;Saldón                                            ;00001;00000;00000;00000;00000;00000026;00000000;00000000;00000000;00000000;00000;00000;
02;44;9;205;99;Samper de Calanda                                 ;00001;00000;00000;00000;00000;00000719;00000000;00000000;00000000;00000000;00000;00000;
02;44;9;206;99;San Agustín                                       ;00001;00000;00000;00000;00000;00000121;00000000;00000000;00000000;00000000;00000;00000;
02;44;9;207;99;San Martín del Río                                ;00001;00000;00000;00000;00000;00000171;00000000;00000000;00000000;00000000;00000;00000;
02;44;9;208;99;Santa Cruz de Nogueras                            ;00001;00000;00000;00000;00000;00000038;00000000;00000000;00000000;00000000;00000;00000;
02;44;9;209;99;Santa Eulalia                                     ;00001;00000;00000;00000;00000;00000858;00000000;00000000;00000000;00000000;00000;00000;
02;44;9;210;99;Sarrión                                           ;00001;00000;00000;00000;00000;00000768;00000000;00000000;00000000;00000000;00000;00000;
02;44;9;211;99;Segura de los Baños                               ;00001;00000;00000;00000;00000;00000038;00000000;00000000;00000000;00000000;00000;00000;
02;44;9;212;99;Seno                                              ;00001;00000;00000;00000;00000;00000042;00000000;00000000;00000000;00000000;00000;00000;
02;44;9;213;99;Singra                                            ;00001;00000;00000;00000;00000;00000060;00000000;00000000;00000000;00000000;00000;00000;
02;44;9;215;99;Terriente                                         ;00001;00000;00000;00000;00000;00000155;00000000;00000000;00000000;00000000;00000;00000;
02;44;9;216;99;Teruel                                            ;00037;00000;00000;00000;00000;00026503;00000000;00000000;00000000;00000000;00000;00000;
02;44;9;217;99;Toril y Masegoso                                  ;00001;00000;00000;00000;00000;00000030;00000000;00000000;00000000;00000000;00000;00000;
02;44;9;218;99;Tormón                                            ;00001;00000;00000;00000;00000;00000031;00000000;00000000;00000000;00000000;00000;00000;
02;44;9;219;99;Tornos                                            ;00001;00000;00000;00000;00000;00000206;00000000;00000000;00000000;00000000;00000;00000;
02;44;9;220;99;Torralba de los Sisones                           ;00001;00000;00000;00000;00000;00000129;00000000;00000000;00000000;00000000;00000;00000;
02;44;9;221;99;Torrecilla de Alcañiz                             ;00001;00000;00000;00000;00000;00000362;00000000;00000000;00000000;00000000;00000;00000;
02;44;9;222;99;Torrecilla del Rebollar                           ;00001;00000;00000;00000;00000;00000136;00000000;00000000;00000000;00000000;00000;00000;
02;44;9;223;99;Torre de Arcas                                    ;00001;00000;00000;00000;00000;00000075;00000000;00000000;00000000;00000000;00000;00000;
02;44;9;224;99;Torre de las Arcas                                ;00001;00000;00000;00000;00000;00000021;00000000;00000000;00000000;00000000;00000;00000;
02;44;9;225;99;Torre del Compte                                  ;00001;00000;00000;00000;00000;00000124;00000000;00000000;00000000;00000000;00000;00000;
02;44;9;226;99;Torrelacárcel                                     ;00001;00000;00000;00000;00000;00000152;00000000;00000000;00000000;00000000;00000;00000;
02;44;9;227;99;Torre los Negros                                  ;00001;00000;00000;00000;00000;00000077;00000000;00000000;00000000;00000000;00000;00000;
02;44;9;228;99;Torremocha de Jiloca                              ;00001;00000;00000;00000;00000;00000114;00000000;00000000;00000000;00000000;00000;00000;
02;44;9;229;99;Torres de Albarracín                              ;00001;00000;00000;00000;00000;00000152;00000000;00000000;00000000;00000000;00000;00000;
02;44;9;230;99;Torrevelilla                                      ;00001;00000;00000;00000;00000;00000155;00000000;00000000;00000000;00000000;00000;00000;
02;44;9;231;99;Torrijas                                          ;00001;00000;00000;00000;00000;00000038;00000000;00000000;00000000;00000000;00000;00000;
02;44;9;232;99;Torrijo del Campo                                 ;00001;00000;00000;00000;00000;00000404;00000000;00000000;00000000;00000000;00000;00000;
02;44;9;234;99;Tramacastiel                                      ;00001;00000;00000;00000;00000;00000070;00000000;00000000;00000000;00000000;00000;00000;
02;44;9;235;99;Tramacastilla                                     ;00001;00000;00000;00000;00000;00000098;00000000;00000000;00000000;00000000;00000;00000;
02;44;9;236;99;Tronchón                                          ;00001;00000;00000;00000;00000;00000067;00000000;00000000;00000000;00000000;00000;00000;
02;44;9;237;99;Urrea de Gaén                                     ;00001;00000;00000;00000;00000;00000418;00000000;00000000;00000000;00000000;00000;00000;
02;44;9;238;99;Utrillas                                          ;00004;00000;00000;00000;00000;00002449;00000000;00000000;00000000;00000000;00000;00000;
02;44;9;239;99;Valacloche                                        ;00001;00000;00000;00000;00000;00000024;00000000;00000000;00000000;00000000;00000;00000;
02;44;9;240;99;Valbona                                           ;00001;00000;00000;00000;00000;00000172;00000000;00000000;00000000;00000000;00000;00000;
02;44;9;241;99;Valdealgorfa                                      ;00001;00000;00000;00000;00000;00000553;00000000;00000000;00000000;00000000;00000;00000;
02;44;9;243;99;Valdecuenca                                       ;00001;00000;00000;00000;00000;00000036;00000000;00000000;00000000;00000000;00000;00000;
02;44;9;244;99;Valdelinares                                      ;00001;00000;00000;00000;00000;00000074;00000000;00000000;00000000;00000000;00000;00000;
02;44;9;245;99;Valdeltormo                                       ;00001;00000;00000;00000;00000;00000269;00000000;00000000;00000000;00000000;00000;00000;
02;44;9;246;99;Valderrobres                                      ;00002;00000;00000;00000;00000;00001612;00000000;00000000;00000000;00000000;00000;00000;
02;44;9;247;99;Valjunquera                                       ;00001;00000;00000;00000;00000;00000321;00000000;00000000;00000000;00000000;00000;00000;
02;44;9;249;99;El Vallecillo                                     ;00001;00000;00000;00000;00000;00000049;00000000;00000000;00000000;00000000;00000;00000;
02;44;9;250;99;Veguillas de la Sierra                            ;00001;00000;00000;00000;00000;00000022;00000000;00000000;00000000;00000000;00000;00000;
02;44;9;251;99;Villafranca del Campo                             ;00001;00000;00000;00000;00000;00000260;00000000;00000000;00000000;00000000;00000;00000;
02;44;9;252;99;Villahermosa del Campo                            ;00001;00000;00000;00000;00000;00000081;00000000;00000000;00000000;00000000;00000;00000;
02;44;9;256;99;Villanueva del Rebollar de la Sierra              ;00001;00000;00000;00000;00000;00000039;00000000;00000000;00000000;00000000;00000;00000;
02;44;9;257;99;Villar del Cobo                                   ;00001;00000;00000;00000;00000;00000170;00000000;00000000;00000000;00000000;00000;00000;
02;44;9;258;99;Villar del Salz                                   ;00001;00000;00000;00000;00000;00000073;00000000;00000000;00000000;00000000;00000;00000;
02;44;9;260;99;Villarluengo                                      ;00001;00000;00000;00000;00000;00000158;00000000;00000000;00000000;00000000;00000;00000;
02;44;9;261;99;Villarquemado                                     ;00001;00000;00000;00000;00000;00000763;00000000;00000000;00000000;00000000;00000;00000;
02;44;9;262;99;Villarroya de los Pinares                         ;00001;00000;00000;00000;00000;00000134;00000000;00000000;00000000;00000000;00000;00000;
02;44;9;263;99;Villastar                                         ;00001;00000;00000;00000;00000;00000366;00000000;00000000;00000000;00000000;00000;00000;
02;44;9;264;99;Villel                                            ;00001;00000;00000;00000;00000;00000261;00000000;00000000;00000000;00000000;00000;00000;
02;44;9;265;99;Vinaceite                                         ;00001;00000;00000;00000;00000;00000187;00000000;00000000;00000000;00000000;00000;00000;
02;44;9;266;99;Visiedo                                           ;00001;00000;00000;00000;00000;00000125;00000000;00000000;00000000;00000000;00000;00000;
02;44;9;267;99;Vivel del Río Martín                              ;00001;00000;00000;00000;00000;00000073;00000000;00000000;00000000;00000000;00000;00000;
02;44;9;268;99;La Zoma                                           ;00001;00000;00000;00000;00000;00000030;00000000;00000000;00000000;00000000;00000;00000;
