07;45;9;001;99;Ajofrín                                           ;00003;00000;00000;00000;00000;00001885;00000000;00000000;00000000;00000000;00000;00000;
07;45;9;002;99;Alameda de la Sagra                               ;00004;00000;00000;00000;00000;00002524;00000000;00000000;00000000;00000000;00000;00000;
07;45;9;003;99;Albarreal de Tajo                                 ;00001;00000;00000;00000;00000;00000579;00000000;00000000;00000000;00000000;00000;00000;
07;45;9;004;99;Alcabón                                           ;00001;00000;00000;00000;00000;00000576;00000000;00000000;00000000;00000000;00000;00000;
07;45;9;005;99;Alcañizo                                          ;00001;00000;00000;00000;00000;00000254;00000000;00000000;00000000;00000000;00000;00000;
07;45;9;006;99;Alcaudete de la Jara                              ;00002;00000;00000;00000;00000;00001494;00000000;00000000;00000000;00000000;00000;00000;
07;45;9;007;99;Alcolea de Tajo                                   ;00002;00000;00000;00000;00000;00000726;00000000;00000000;00000000;00000000;00000;00000;
07;45;9;008;99;Aldea en Cabo                                     ;00001;00000;00000;00000;00000;00000148;00000000;00000000;00000000;00000000;00000;00000;
07;45;9;009;99;Aldeanueva de Barbarroya                          ;00001;00000;00000;00000;00000;00000564;00000000;00000000;00000000;00000000;00000;00000;
07;45;9;010;99;Aldeanueva de San Bartolomé                       ;00001;00000;00000;00000;00000;00000440;00000000;00000000;00000000;00000000;00000;00000;
07;45;9;011;99;Almendral de la Cañada                            ;00001;00000;00000;00000;00000;00000289;00000000;00000000;00000000;00000000;00000;00000;
07;45;9;012;99;Almonacid de Toledo                               ;00001;00000;00000;00000;00000;00000661;00000000;00000000;00000000;00000000;00000;00000;
07;45;9;013;99;Almorox                                           ;00003;00000;00000;00000;00000;00001789;00000000;00000000;00000000;00000000;00000;00000;
07;45;9;014;99;Añover de Tajo                                    ;00005;00000;00000;00000;00000;00004064;00000000;00000000;00000000;00000000;00000;00000;
07;45;9;015;99;Arcicóllar                                        ;00001;00000;00000;00000;00000;00000632;00000000;00000000;00000000;00000000;00000;00000;
07;45;9;016;99;Argés                                             ;00006;00000;00000;00000;00000;00004082;00000000;00000000;00000000;00000000;00000;00000;
07;45;9;017;99;Azután                                            ;00001;00000;00000;00000;00000;00000254;00000000;00000000;00000000;00000000;00000;00000;
07;45;9;018;99;Barcience                                         ;00001;00000;00000;00000;00000;00000471;00000000;00000000;00000000;00000000;00000;00000;
07;45;9;019;99;Bargas                                            ;00009;00000;00000;00000;00000;00007293;00000000;00000000;00000000;00000000;00000;00000;
07;45;9;020;99;Belvís de la Jara                                 ;00003;00000;00000;00000;00000;00001361;00000000;00000000;00000000;00000000;00000;00000;
07;45;9;021;99;Borox                                             ;00003;00000;00000;00000;00000;00002473;00000000;00000000;00000000;00000000;00000;00000;
07;45;9;022;99;Buenaventura                                      ;00001;00000;00000;00000;00000;00000406;00000000;00000000;00000000;00000000;00000;00000;
07;45;9;023;99;Burguillos de Toledo                              ;00002;00000;00000;00000;00000;00002128;00000000;00000000;00000000;00000000;00000;00000;
07;45;9;024;99;Burujón                                           ;00002;00000;00000;00000;00000;00001092;00000000;00000000;00000000;00000000;00000;00000;
07;45;9;025;99;Cabañas de la Sagra                               ;00002;00000;00000;00000;00000;00001206;00000000;00000000;00000000;00000000;00000;00000;
07;45;9;026;99;Cabañas de Yepes                                  ;00001;00000;00000;00000;00000;00000237;00000000;00000000;00000000;00000000;00000;00000;
07;45;9;027;99;Cabezamesada                                      ;00001;00000;00000;00000;00000;00000355;00000000;00000000;00000000;00000000;00000;00000;
07;45;9;028;99;Calera y Chozas                                   ;00006;00000;00000;00000;00000;00003717;00000000;00000000;00000000;00000000;00000;00000;
07;45;9;029;99;Caleruela                                         ;00001;00000;00000;00000;00000;00000208;00000000;00000000;00000000;00000000;00000;00000;
07;45;9;030;99;Calzada de Oropesa                                ;00001;00000;00000;00000;00000;00000483;00000000;00000000;00000000;00000000;00000;00000;
07;45;9;031;99;Camarena                                          ;00004;00000;00000;00000;00000;00002773;00000000;00000000;00000000;00000000;00000;00000;
07;45;9;032;99;Camarenilla                                       ;00001;00000;00000;00000;00000;00000436;00000000;00000000;00000000;00000000;00000;00000;
07;45;9;033;99;El Campillo de la Jara                            ;00001;00000;00000;00000;00000;00000360;00000000;00000000;00000000;00000000;00000;00000;
07;45;9;034;99;Camuñas                                           ;00002;00000;00000;00000;00000;00001372;00000000;00000000;00000000;00000000;00000;00000;
07;45;9;035;99;Cardiel de los Montes                             ;00001;00000;00000;00000;00000;00000310;00000000;00000000;00000000;00000000;00000;00000;
07;45;9;036;99;Carmena                                           ;00001;00000;00000;00000;00000;00000678;00000000;00000000;00000000;00000000;00000;00000;
07;45;9;037;99;El Carpio de Tajo                                 ;00002;00000;00000;00000;00000;00001679;00000000;00000000;00000000;00000000;00000;00000;
07;45;9;038;99;Carranque                                         ;00005;00000;00000;00000;00000;00003326;00000000;00000000;00000000;00000000;00000;00000;
07;45;9;039;99;Carriches                                         ;00001;00000;00000;00000;00000;00000238;00000000;00000000;00000000;00000000;00000;00000;
07;45;9;040;99;El Casar de Escalona                              ;00002;00000;00000;00000;00000;00001477;00000000;00000000;00000000;00000000;00000;00000;
07;45;9;041;99;Casarrubios del Monte                             ;00005;00000;00000;00000;00000;00003721;00000000;00000000;00000000;00000000;00000;00000;
07;45;9;042;99;Casasbuenas                                       ;00001;00000;00000;00000;00000;00000183;00000000;00000000;00000000;00000000;00000;00000;
07;45;9;043;99;Castillo de Bayuela                               ;00001;00000;00000;00000;00000;00000821;00000000;00000000;00000000;00000000;00000;00000;
07;45;9;045;99;Cazalegas                                         ;00002;00000;00000;00000;00000;00001332;00000000;00000000;00000000;00000000;00000;00000;
07;45;9;046;99;Cebolla                                           ;00004;00000;00000;00000;00000;00002492;00000000;00000000;00000000;00000000;00000;00000;
07;45;9;047;99;Cedillo del Condado                               ;00004;00000;00000;00000;00000;00002588;00000000;00000000;00000000;00000000;00000;00000;
07;45;9;048;99;Los Cerralbos                                     ;00001;00000;00000;00000;00000;00000361;00000000;00000000;00000000;00000000;00000;00000;
07;45;9;049;99;Cervera de los Montes                             ;00001;00000;00000;00000;00000;00000408;00000000;00000000;00000000;00000000;00000;00000;
07;45;9;050;99;Ciruelos                                          ;00001;00000;00000;00000;00000;00000483;00000000;00000000;00000000;00000000;00000;00000;
07;45;9;051;99;Cobeja                                            ;00002;00000;00000;00000;00000;00001572;00000000;00000000;00000000;00000000;00000;00000;
07;45;9;052;99;Cobisa                                            ;00004;00000;00000;00000;00000;00002861;00000000;00000000;00000000;00000000;00000;00000;
07;45;9;053;99;Consuegra                                         ;00012;00000;00000;00000;00000;00008130;00000000;00000000;00000000;00000000;00000;00000;
07;45;9;054;99;Corral de Almaguer                                ;00006;00000;00000;00000;00000;00004112;00000000;00000000;00000000;00000000;00000;00000;
07;45;9;055;99;Cuerva                                            ;00002;00000;00000;00000;00000;00001046;00000000;00000000;00000000;00000000;00000;00000;
07;45;9;056;99;Chozas de Canales                                 ;00003;00000;00000;00000;00000;00002216;00000000;00000000;00000000;00000000;00000;00000;
07;45;9;057;99;Chueca                                            ;00001;00000;00000;00000;00000;00000226;00000000;00000000;00000000;00000000;00000;00000;
07;45;9;058;99;Domingo Pérez                                     ;00001;00000;00000;00000;00000;00000401;00000000;00000000;00000000;00000000;00000;00000;
07;45;9;059;99;Dosbarrios                                        ;00003;00000;00000;00000;00000;00001733;00000000;00000000;00000000;00000000;00000;00000;
07;45;9;060;99;Erustes                                           ;00001;00000;00000;00000;00000;00000190;00000000;00000000;00000000;00000000;00000;00000;
07;45;9;061;99;Escalona                                          ;00003;00000;00000;00000;00000;00002480;00000000;00000000;00000000;00000000;00000;00000;
07;45;9;062;99;Escalonilla                                       ;00002;00000;00000;00000;00000;00001141;00000000;00000000;00000000;00000000;00000;00000;
07;45;9;063;99;Espinoso del Rey                                  ;00001;00000;00000;00000;00000;00000462;00000000;00000000;00000000;00000000;00000;00000;
07;45;9;064;99;Esquivias                                         ;00005;00000;00000;00000;00000;00003863;00000000;00000000;00000000;00000000;00000;00000;
07;45;9;065;99;La Estrella                                       ;00001;00000;00000;00000;00000;00000276;00000000;00000000;00000000;00000000;00000;00000;
07;45;9;066;99;Fuensalida                                        ;00010;00000;00000;00000;00000;00007550;00000000;00000000;00000000;00000000;00000;00000;
07;45;9;067;99;Gálvez                                            ;00004;00000;00000;00000;00000;00002342;00000000;00000000;00000000;00000000;00000;00000;
07;45;9;068;99;Garciotum                                         ;00001;00000;00000;00000;00000;00000168;00000000;00000000;00000000;00000000;00000;00000;
07;45;9;069;99;Gerindote                                         ;00002;00000;00000;00000;00000;00001791;00000000;00000000;00000000;00000000;00000;00000;
07;45;9;070;99;Guadamur                                          ;00002;00000;00000;00000;00000;00001461;00000000;00000000;00000000;00000000;00000;00000;
07;45;9;071;99;La Guardia                                        ;00004;00000;00000;00000;00000;00001860;00000000;00000000;00000000;00000000;00000;00000;
07;45;9;072;99;Las Herencias                                     ;00001;00000;00000;00000;00000;00000689;00000000;00000000;00000000;00000000;00000;00000;
07;45;9;073;99;Herreruela de Oropesa                             ;00001;00000;00000;00000;00000;00000320;00000000;00000000;00000000;00000000;00000;00000;
07;45;9;074;99;Hinojosa de San Vicente                           ;00001;00000;00000;00000;00000;00000428;00000000;00000000;00000000;00000000;00000;00000;
07;45;9;075;99;Hontanar                                          ;00001;00000;00000;00000;00000;00000154;00000000;00000000;00000000;00000000;00000;00000;
07;45;9;076;99;Hormigos                                          ;00001;00000;00000;00000;00000;00000560;00000000;00000000;00000000;00000000;00000;00000;
07;45;9;077;99;Huecas                                            ;00001;00000;00000;00000;00000;00000540;00000000;00000000;00000000;00000000;00000;00000;
07;45;9;078;99;Huerta de Valdecarábanos                          ;00002;00000;00000;00000;00000;00001408;00000000;00000000;00000000;00000000;00000;00000;
07;45;9;079;99;La Iglesuela                                      ;00001;00000;00000;00000;00000;00000384;00000000;00000000;00000000;00000000;00000;00000;
07;45;9;080;99;Illán de Vacas                                    ;00001;00000;00000;00000;00000;00000004;00000000;00000000;00000000;00000000;00000;00000;
07;45;9;081;99;Illescas                                          ;00022;00000;00000;00000;00000;00017295;00000000;00000000;00000000;00000000;00000;00000;
07;45;9;082;99;Lagartera                                         ;00002;00000;00000;00000;00000;00001288;00000000;00000000;00000000;00000000;00000;00000;
07;45;9;083;99;Layos                                             ;00001;00000;00000;00000;00000;00000479;00000000;00000000;00000000;00000000;00000;00000;
07;45;9;084;99;Lillo                                             ;00003;00000;00000;00000;00000;00002349;00000000;00000000;00000000;00000000;00000;00000;
07;45;9;085;99;Lominchar                                         ;00002;00000;00000;00000;00000;00001579;00000000;00000000;00000000;00000000;00000;00000;
07;45;9;086;99;Lucillos                                          ;00001;00000;00000;00000;00000;00000504;00000000;00000000;00000000;00000000;00000;00000;
07;45;9;087;99;Madridejos                                        ;00014;00000;00000;00000;00000;00008415;00000000;00000000;00000000;00000000;00000;00000;
07;45;9;088;99;Magán                                             ;00003;00000;00000;00000;00000;00002098;00000000;00000000;00000000;00000000;00000;00000;
07;45;9;089;99;Malpica de Tajo                                   ;00002;00000;00000;00000;00000;00001533;00000000;00000000;00000000;00000000;00000;00000;
07;45;9;090;99;Manzaneque                                        ;00001;00000;00000;00000;00000;00000387;00000000;00000000;00000000;00000000;00000;00000;
07;45;9;091;99;Maqueda                                           ;00001;00000;00000;00000;00000;00000399;00000000;00000000;00000000;00000000;00000;00000;
07;45;9;092;99;Marjaliza                                         ;00001;00000;00000;00000;00000;00000240;00000000;00000000;00000000;00000000;00000;00000;
07;45;9;093;99;Marrupe                                           ;00001;00000;00000;00000;00000;00000149;00000000;00000000;00000000;00000000;00000;00000;
07;45;9;094;99;Mascaraque                                        ;00001;00000;00000;00000;00000;00000431;00000000;00000000;00000000;00000000;00000;00000;
07;45;9;095;99;La Mata                                           ;00001;00000;00000;00000;00000;00000707;00000000;00000000;00000000;00000000;00000;00000;
07;45;9;096;99;Mazarambroz                                       ;00002;00000;00000;00000;00000;00000992;00000000;00000000;00000000;00000000;00000;00000;
07;45;9;097;99;Mejorada                                          ;00002;00000;00000;00000;00000;00001077;00000000;00000000;00000000;00000000;00000;00000;
07;45;9;098;99;Menasalbas                                        ;00004;00000;00000;00000;00000;00002218;00000000;00000000;00000000;00000000;00000;00000;
07;45;9;099;99;Méntrida                                          ;00004;00000;00000;00000;00000;00003474;00000000;00000000;00000000;00000000;00000;00000;
07;45;9;100;99;Mesegar de Tajo                                   ;00001;00000;00000;00000;00000;00000196;00000000;00000000;00000000;00000000;00000;00000;
07;45;9;101;99;Miguel Esteban                                    ;00006;00000;00000;00000;00000;00003825;00000000;00000000;00000000;00000000;00000;00000;
07;45;9;102;99;Mocejón                                           ;00005;00000;00000;00000;00000;00003588;00000000;00000000;00000000;00000000;00000;00000;
07;45;9;103;99;Mohedas de la Jara                                ;00001;00000;00000;00000;00000;00000418;00000000;00000000;00000000;00000000;00000;00000;
07;45;9;104;99;Montearagón                                       ;00001;00000;00000;00000;00000;00000447;00000000;00000000;00000000;00000000;00000;00000;
07;45;9;105;99;Montesclaros                                      ;00001;00000;00000;00000;00000;00000418;00000000;00000000;00000000;00000000;00000;00000;
07;45;9;106;99;Mora                                              ;00010;00000;00000;00000;00000;00007610;00000000;00000000;00000000;00000000;00000;00000;
07;45;9;107;99;Nambroca                                          ;00005;00000;00000;00000;00000;00003148;00000000;00000000;00000000;00000000;00000;00000;
07;45;9;108;99;La Nava de Ricomalillo                            ;00001;00000;00000;00000;00000;00000524;00000000;00000000;00000000;00000000;00000;00000;
07;45;9;109;99;Navahermosa                                       ;00005;00000;00000;00000;00000;00002985;00000000;00000000;00000000;00000000;00000;00000;
07;45;9;110;99;Navalcán                                          ;00003;00000;00000;00000;00000;00001818;00000000;00000000;00000000;00000000;00000;00000;
07;45;9;111;99;Navalmoralejo                                     ;00001;00000;00000;00000;00000;00000061;00000000;00000000;00000000;00000000;00000;00000;
07;45;9;112;99;Los Navalmorales                                  ;00003;00000;00000;00000;00000;00001987;00000000;00000000;00000000;00000000;00000;00000;
07;45;9;113;99;Los Navalucillos                                  ;00004;00000;00000;00000;00000;00002000;00000000;00000000;00000000;00000000;00000;00000;
07;45;9;114;99;Navamorcuende                                     ;00001;00000;00000;00000;00000;00000602;00000000;00000000;00000000;00000000;00000;00000;
07;45;9;115;99;Noblejas                                          ;00004;00000;00000;00000;00000;00002572;00000000;00000000;00000000;00000000;00000;00000;
07;45;9;116;99;Noez                                              ;00001;00000;00000;00000;00000;00000696;00000000;00000000;00000000;00000000;00000;00000;
07;45;9;117;99;Nombela                                           ;00001;00000;00000;00000;00000;00000783;00000000;00000000;00000000;00000000;00000;00000;
07;45;9;118;99;Novés                                             ;00002;00000;00000;00000;00000;00002006;00000000;00000000;00000000;00000000;00000;00000;
07;45;9;119;99;Numancia de la Sagra                              ;00004;00000;00000;00000;00000;00003340;00000000;00000000;00000000;00000000;00000;00000;
07;45;9;120;99;Nuño Gómez                                        ;00001;00000;00000;00000;00000;00000137;00000000;00000000;00000000;00000000;00000;00000;
07;45;9;121;99;Ocaña                                             ;00009;00000;00000;00000;00000;00006884;00000000;00000000;00000000;00000000;00000;00000;
07;45;9;122;99;Olías del Rey                                     ;00007;00000;00000;00000;00000;00005045;00000000;00000000;00000000;00000000;00000;00000;
07;45;9;123;99;Ontígola                                          ;00004;00000;00000;00000;00000;00002931;00000000;00000000;00000000;00000000;00000;00000;
07;45;9;124;99;Orgaz                                             ;00003;00000;00000;00000;00000;00002155;00000000;00000000;00000000;00000000;00000;00000;
07;45;9;125;99;Oropesa                                           ;00004;00000;00000;00000;00000;00002374;00000000;00000000;00000000;00000000;00000;00000;
07;45;9;126;99;Otero                                             ;00001;00000;00000;00000;00000;00000278;00000000;00000000;00000000;00000000;00000;00000;
07;45;9;127;99;Palomeque                                         ;00001;00000;00000;00000;00000;00000673;00000000;00000000;00000000;00000000;00000;00000;
07;45;9;128;99;Pantoja                                           ;00004;00000;00000;00000;00000;00002521;00000000;00000000;00000000;00000000;00000;00000;
07;45;9;129;99;Paredes de Escalona                               ;00001;00000;00000;00000;00000;00000192;00000000;00000000;00000000;00000000;00000;00000;
07;45;9;130;99;Parrillas                                         ;00001;00000;00000;00000;00000;00000326;00000000;00000000;00000000;00000000;00000;00000;
07;45;9;131;99;Pelahustán                                        ;00001;00000;00000;00000;00000;00000296;00000000;00000000;00000000;00000000;00000;00000;
07;45;9;132;99;Pepino                                            ;00003;00000;00000;00000;00000;00002060;00000000;00000000;00000000;00000000;00000;00000;
07;45;9;133;99;Polán                                             ;00004;00000;00000;00000;00000;00002839;00000000;00000000;00000000;00000000;00000;00000;
07;45;9;134;99;Portillo de Toledo                                ;00002;00000;00000;00000;00000;00001596;00000000;00000000;00000000;00000000;00000;00000;
07;45;9;135;99;La Puebla de Almoradiel                           ;00005;00000;00000;00000;00000;00004353;00000000;00000000;00000000;00000000;00000;00000;
07;45;9;136;99;La Puebla de Montalbán                            ;00008;00000;00000;00000;00000;00005899;00000000;00000000;00000000;00000000;00000;00000;
07;45;9;137;99;La Pueblanueva                                    ;00002;00000;00000;00000;00000;00001635;00000000;00000000;00000000;00000000;00000;00000;
07;45;9;138;99;El Puente del Arzobispo                           ;00002;00000;00000;00000;00000;00001126;00000000;00000000;00000000;00000000;00000;00000;
07;45;9;139;99;Puerto de San Vicente                             ;00001;00000;00000;00000;00000;00000190;00000000;00000000;00000000;00000000;00000;00000;
07;45;9;140;99;Pulgar                                            ;00002;00000;00000;00000;00000;00001102;00000000;00000000;00000000;00000000;00000;00000;
07;45;9;141;99;Quero                                             ;00002;00000;00000;00000;00000;00000943;00000000;00000000;00000000;00000000;00000;00000;
07;45;9;142;99;Quintanar de la Orden                             ;00010;00000;00000;00000;00000;00008038;00000000;00000000;00000000;00000000;00000;00000;
07;45;9;143;99;Quismondo                                         ;00002;00000;00000;00000;00000;00001223;00000000;00000000;00000000;00000000;00000;00000;
07;45;9;144;99;El Real de San Vicente                            ;00001;00000;00000;00000;00000;00000838;00000000;00000000;00000000;00000000;00000;00000;
07;45;9;145;99;Recas                                             ;00004;00000;00000;00000;00000;00002533;00000000;00000000;00000000;00000000;00000;00000;
07;45;9;146;99;Retamoso de la Jara                               ;00001;00000;00000;00000;00000;00000113;00000000;00000000;00000000;00000000;00000;00000;
07;45;9;147;99;Rielves                                           ;00001;00000;00000;00000;00000;00000604;00000000;00000000;00000000;00000000;00000;00000;
07;45;9;148;99;Robledo del Mazo                                  ;00001;00000;00000;00000;00000;00000310;00000000;00000000;00000000;00000000;00000;00000;
07;45;9;149;99;El Romeral                                        ;00001;00000;00000;00000;00000;00000565;00000000;00000000;00000000;00000000;00000;00000;
07;45;9;150;99;San Bartolomé de las Abiertas                     ;00001;00000;00000;00000;00000;00000446;00000000;00000000;00000000;00000000;00000;00000;
07;45;9;151;99;San Martín de Montalbán                           ;00001;00000;00000;00000;00000;00000616;00000000;00000000;00000000;00000000;00000;00000;
07;45;9;152;99;San Martín de Pusa                                ;00001;00000;00000;00000;00000;00000626;00000000;00000000;00000000;00000000;00000;00000;
07;45;9;153;99;San Pablo de los Montes                           ;00002;00000;00000;00000;00000;00001644;00000000;00000000;00000000;00000000;00000;00000;
07;45;9;154;99;San Román de los Montes                           ;00002;00000;00000;00000;00000;00001514;00000000;00000000;00000000;00000000;00000;00000;
07;45;9;155;99;Santa Ana de Pusa                                 ;00001;00000;00000;00000;00000;00000383;00000000;00000000;00000000;00000000;00000;00000;
07;45;9;156;99;Santa Cruz de la Zarza                            ;00006;00000;00000;00000;00000;00003472;00000000;00000000;00000000;00000000;00000;00000;
07;45;9;157;99;Santa Cruz del Retamar                            ;00003;00000;00000;00000;00000;00002128;00000000;00000000;00000000;00000000;00000;00000;
07;45;9;158;99;Santa Olalla                                      ;00004;00000;00000;00000;00000;00002573;00000000;00000000;00000000;00000000;00000;00000;
07;45;9;159;99;Sartajada                                         ;00001;00000;00000;00000;00000;00000093;00000000;00000000;00000000;00000000;00000;00000;
07;45;9;160;99;Segurilla                                         ;00002;00000;00000;00000;00000;00001103;00000000;00000000;00000000;00000000;00000;00000;
07;45;9;161;99;Seseña                                            ;00014;00000;00000;00000;00000;00012984;00000000;00000000;00000000;00000000;00000;00000;
07;45;9;162;99;Sevilleja de la Jara                              ;00002;00000;00000;00000;00000;00000700;00000000;00000000;00000000;00000000;00000;00000;
07;45;9;163;99;Sonseca                                           ;00011;00000;00000;00000;00000;00008334;00000000;00000000;00000000;00000000;00000;00000;
07;45;9;164;99;Sotillo de las Palomas                            ;00001;00000;00000;00000;00000;00000180;00000000;00000000;00000000;00000000;00000;00000;
07;45;9;165;99;Talavera de la Reina                              ;00082;00000;00000;00000;00000;00063370;00000000;00000000;00000000;00000000;00000;00000;
07;45;9;166;99;Tembleque                                         ;00003;00000;00000;00000;00000;00001672;00000000;00000000;00000000;00000000;00000;00000;
07;45;9;167;99;El Toboso                                         ;00002;00000;00000;00000;00000;00001529;00000000;00000000;00000000;00000000;00000;00000;
07;45;9;168;99;Toledo                                            ;00084;00000;00000;00000;00000;00062287;00000000;00000000;00000000;00000000;00000;00000;
07;45;9;169;99;Torralba de Oropesa                               ;00001;00000;00000;00000;00000;00000214;00000000;00000000;00000000;00000000;00000;00000;
07;45;9;170;99;Torrecilla de la Jara                             ;00001;00000;00000;00000;00000;00000239;00000000;00000000;00000000;00000000;00000;00000;
07;45;9;171;99;La Torre de Esteban Hambrán                       ;00002;00000;00000;00000;00000;00001364;00000000;00000000;00000000;00000000;00000;00000;
07;45;9;172;99;Torrico                                           ;00001;00000;00000;00000;00000;00000708;00000000;00000000;00000000;00000000;00000;00000;
07;45;9;173;99;Torrijos                                          ;00011;00000;00000;00000;00000;00009409;00000000;00000000;00000000;00000000;00000;00000;
07;45;9;174;99;Totanés                                           ;00001;00000;00000;00000;00000;00000326;00000000;00000000;00000000;00000000;00000;00000;
07;45;9;175;99;Turleque                                          ;00001;00000;00000;00000;00000;00000687;00000000;00000000;00000000;00000000;00000;00000;
07;45;9;176;99;Ugena                                             ;00004;00000;00000;00000;00000;00003690;00000000;00000000;00000000;00000000;00000;00000;
07;45;9;177;99;Urda                                              ;00004;00000;00000;00000;00000;00002212;00000000;00000000;00000000;00000000;00000;00000;
07;45;9;179;99;Valdeverdeja                                      ;00001;00000;00000;00000;00000;00000564;00000000;00000000;00000000;00000000;00000;00000;
07;45;9;180;99;Valmojado                                         ;00004;00000;00000;00000;00000;00002793;00000000;00000000;00000000;00000000;00000;00000;
07;45;9;181;99;Velada                                            ;00003;00000;00000;00000;00000;00002331;00000000;00000000;00000000;00000000;00000;00000;
07;45;9;182;99;Las Ventas con Peña Aguilera                      ;00002;00000;00000;00000;00000;00001030;00000000;00000000;00000000;00000000;00000;00000;
07;45;9;183;99;Las Ventas de Retamosa                            ;00003;00000;00000;00000;00000;00002279;00000000;00000000;00000000;00000000;00000;00000;
07;45;9;184;99;Las Ventas de San Julián                          ;00001;00000;00000;00000;00000;00000209;00000000;00000000;00000000;00000000;00000;00000;
07;45;9;185;99;Villacañas                                        ;00013;00000;00000;00000;00000;00007697;00000000;00000000;00000000;00000000;00000;00000;
07;45;9;186;99;La Villa de Don Fadrique                          ;00004;00000;00000;00000;00000;00003133;00000000;00000000;00000000;00000000;00000;00000;
07;45;9;187;99;Villafranca de los Caballeros                     ;00007;00000;00000;00000;00000;00004098;00000000;00000000;00000000;00000000;00000;00000;
07;45;9;188;99;Villaluenga de la Sagra                           ;00004;00000;00000;00000;00000;00002801;00000000;00000000;00000000;00000000;00000;00000;
07;45;9;189;99;Villamiel de Toledo                               ;00001;00000;00000;00000;00000;00000614;00000000;00000000;00000000;00000000;00000;00000;
07;45;9;190;99;Villaminaya                                       ;00001;00000;00000;00000;00000;00000486;00000000;00000000;00000000;00000000;00000;00000;
07;45;9;191;99;Villamuelas                                       ;00001;00000;00000;00000;00000;00000573;00000000;00000000;00000000;00000000;00000;00000;
07;45;9;192;99;Villanueva de Alcardete                           ;00004;00000;00000;00000;00000;00002520;00000000;00000000;00000000;00000000;00000;00000;
07;45;9;193;99;Villanueva de Bogas                               ;00001;00000;00000;00000;00000;00000649;00000000;00000000;00000000;00000000;00000;00000;
07;45;9;194;99;Villarejo de Montalbán                            ;00001;00000;00000;00000;00000;00000065;00000000;00000000;00000000;00000000;00000;00000;
07;45;9;195;99;Villarrubia de Santiago                           ;00002;00000;00000;00000;00000;00002212;00000000;00000000;00000000;00000000;00000;00000;
07;45;9;196;99;Villaseca de la Sagra                             ;00002;00000;00000;00000;00000;00001389;00000000;00000000;00000000;00000000;00000;00000;
07;45;9;197;99;Villasequilla                                     ;00003;00000;00000;00000;00000;00001980;00000000;00000000;00000000;00000000;00000;00000;
07;45;9;198;99;Villatobas                                        ;00003;00000;00000;00000;00000;00001906;00000000;00000000;00000000;00000000;00000;00000;
07;45;9;199;99;El Viso de San Juan                               ;00004;00000;00000;00000;00000;00002939;00000000;00000000;00000000;00000000;00000;00000;
07;45;9;200;99;Los Yébenes                                       ;00006;00000;00000;00000;00000;00004592;00000000;00000000;00000000;00000000;00000;00000;
07;45;9;201;99;Yeles                                             ;00004;00000;00000;00000;00000;00003481;00000000;00000000;00000000;00000000;00000;00000;
07;45;9;202;99;Yepes                                             ;00005;00000;00000;00000;00000;00003890;00000000;00000000;00000000;00000000;00000;00000;
07;45;9;203;99;Yuncler                                           ;00003;00000;00000;00000;00000;00002559;00000000;00000000;00000000;00000000;00000;00000;
07;45;9;204;99;Yunclillos                                        ;00001;00000;00000;00000;00000;00000627;00000000;00000000;00000000;00000000;00000;00000;
07;45;9;205;99;Yuncos                                            ;00008;00000;00000;00000;00000;00006650;00000000;00000000;00000000;00000000;00000;00000;
07;45;9;901;99;Santo Domingo-Caudilla                            ;00001;00000;00000;00000;00000;00000791;00000000;00000000;00000000;00000000;00000;00000;
