08;42;9;001;99;Abejar                                            ;00001;00000;00000;00000;00000;00000295;00000000;00000000;00000000;00000000;00000;00000;
08;42;9;003;99;Adradas                                           ;00001;00000;00000;00000;00000;00000073;00000000;00000000;00000000;00000000;00000;00000;
08;42;9;004;99;Ágreda                                            ;00002;00000;00000;00000;00000;00002332;00000000;00000000;00000000;00000000;00000;00000;
08;42;9;006;99;Alconaba                                          ;00001;00000;00000;00000;00000;00000166;00000000;00000000;00000000;00000000;00000;00000;
08;42;9;007;99;Alcubilla de Avellaneda                           ;00001;00000;00000;00000;00000;00000124;00000000;00000000;00000000;00000000;00000;00000;
08;42;9;008;99;Alcubilla de las Peñas                            ;00001;00000;00000;00000;00000;00000057;00000000;00000000;00000000;00000000;00000;00000;
08;42;9;009;99;Aldealafuente                                     ;00001;00000;00000;00000;00000;00000088;00000000;00000000;00000000;00000000;00000;00000;
08;42;9;010;99;Aldealices                                        ;00001;00000;00000;00000;00000;00000020;00000000;00000000;00000000;00000000;00000;00000;
08;42;9;011;99;Aldealpozo                                        ;00001;00000;00000;00000;00000;00000018;00000000;00000000;00000000;00000000;00000;00000;
08;42;9;012;99;Aldealseñor                                       ;00001;00000;00000;00000;00000;00000042;00000000;00000000;00000000;00000000;00000;00000;
08;42;9;013;99;Aldehuela de Periáñez                             ;00001;00000;00000;00000;00000;00000037;00000000;00000000;00000000;00000000;00000;00000;
08;42;9;014;99;Las Aldehuelas                                    ;00001;00000;00000;00000;00000;00000071;00000000;00000000;00000000;00000000;00000;00000;
08;42;9;015;99;Alentisque                                        ;00001;00000;00000;00000;00000;00000030;00000000;00000000;00000000;00000000;00000;00000;
08;42;9;016;99;Aliud                                             ;00001;00000;00000;00000;00000;00000019;00000000;00000000;00000000;00000000;00000;00000;
08;42;9;017;99;Almajano                                          ;00001;00000;00000;00000;00000;00000143;00000000;00000000;00000000;00000000;00000;00000;
08;42;9;018;99;Almaluez                                          ;00001;00000;00000;00000;00000;00000165;00000000;00000000;00000000;00000000;00000;00000;
08;42;9;019;99;Almarza                                           ;00001;00000;00000;00000;00000;00000533;00000000;00000000;00000000;00000000;00000;00000;
08;42;9;020;99;Almazán                                           ;00006;00000;00000;00000;00000;00004354;00000000;00000000;00000000;00000000;00000;00000;
08;42;9;021;99;Almazul                                           ;00001;00000;00000;00000;00000;00000089;00000000;00000000;00000000;00000000;00000;00000;
08;42;9;022;99;Almenar de Soria                                  ;00001;00000;00000;00000;00000;00000233;00000000;00000000;00000000;00000000;00000;00000;
08;42;9;023;99;Alpanseque                                        ;00001;00000;00000;00000;00000;00000069;00000000;00000000;00000000;00000000;00000;00000;
08;42;9;024;99;Arancón                                           ;00001;00000;00000;00000;00000;00000089;00000000;00000000;00000000;00000000;00000;00000;
08;42;9;025;99;Arcos de Jalón                                    ;00002;00000;00000;00000;00000;00001248;00000000;00000000;00000000;00000000;00000;00000;
08;42;9;026;99;Arenillas                                         ;00001;00000;00000;00000;00000;00000024;00000000;00000000;00000000;00000000;00000;00000;
08;42;9;027;99;Arévalo de la Sierra                              ;00001;00000;00000;00000;00000;00000074;00000000;00000000;00000000;00000000;00000;00000;
08;42;9;028;99;Ausejo de la Sierra                               ;00001;00000;00000;00000;00000;00000064;00000000;00000000;00000000;00000000;00000;00000;
08;42;9;029;99;Baraona                                           ;00001;00000;00000;00000;00000;00000159;00000000;00000000;00000000;00000000;00000;00000;
08;42;9;030;99;Barca                                             ;00001;00000;00000;00000;00000;00000103;00000000;00000000;00000000;00000000;00000;00000;
08;42;9;031;99;Barcones                                          ;00001;00000;00000;00000;00000;00000026;00000000;00000000;00000000;00000000;00000;00000;
08;42;9;032;99;Bayubas de Abajo                                  ;00001;00000;00000;00000;00000;00000152;00000000;00000000;00000000;00000000;00000;00000;
08;42;9;033;99;Bayubas de Arriba                                 ;00001;00000;00000;00000;00000;00000049;00000000;00000000;00000000;00000000;00000;00000;
08;42;9;034;99;Beratón                                           ;00001;00000;00000;00000;00000;00000035;00000000;00000000;00000000;00000000;00000;00000;
08;42;9;035;99;Berlanga de Duero                                 ;00001;00000;00000;00000;00000;00000832;00000000;00000000;00000000;00000000;00000;00000;
08;42;9;036;99;Blacos                                            ;00001;00000;00000;00000;00000;00000050;00000000;00000000;00000000;00000000;00000;00000;
08;42;9;037;99;Bliecos                                           ;00001;00000;00000;00000;00000;00000033;00000000;00000000;00000000;00000000;00000;00000;
08;42;9;038;99;Borjabad                                          ;00001;00000;00000;00000;00000;00000039;00000000;00000000;00000000;00000000;00000;00000;
08;42;9;039;99;Borobia                                           ;00001;00000;00000;00000;00000;00000250;00000000;00000000;00000000;00000000;00000;00000;
08;42;9;041;99;Buberos                                           ;00001;00000;00000;00000;00000;00000036;00000000;00000000;00000000;00000000;00000;00000;
08;42;9;042;99;Buitrago                                          ;00001;00000;00000;00000;00000;00000046;00000000;00000000;00000000;00000000;00000;00000;
08;42;9;043;99;Burgo de Osma-Ciudad de Osma                      ;00005;00000;00000;00000;00000;00003939;00000000;00000000;00000000;00000000;00000;00000;
08;42;9;044;99;Cabrejas del Campo                                ;00001;00000;00000;00000;00000;00000057;00000000;00000000;00000000;00000000;00000;00000;
08;42;9;045;99;Cabrejas del Pinar                                ;00001;00000;00000;00000;00000;00000320;00000000;00000000;00000000;00000000;00000;00000;
08;42;9;046;99;Calatañazor                                       ;00001;00000;00000;00000;00000;00000051;00000000;00000000;00000000;00000000;00000;00000;
08;42;9;048;99;Caltojar                                          ;00001;00000;00000;00000;00000;00000069;00000000;00000000;00000000;00000000;00000;00000;
08;42;9;049;99;Candilichera                                      ;00001;00000;00000;00000;00000;00000126;00000000;00000000;00000000;00000000;00000;00000;
08;42;9;050;99;Cañamaque                                         ;00001;00000;00000;00000;00000;00000031;00000000;00000000;00000000;00000000;00000;00000;
08;42;9;051;99;Carabantes                                        ;00001;00000;00000;00000;00000;00000022;00000000;00000000;00000000;00000000;00000;00000;
08;42;9;052;99;Caracena                                          ;00001;00000;00000;00000;00000;00000015;00000000;00000000;00000000;00000000;00000;00000;
08;42;9;053;99;Carrascosa de Abajo                               ;00001;00000;00000;00000;00000;00000028;00000000;00000000;00000000;00000000;00000;00000;
08;42;9;054;99;Carrascosa de la Sierra                           ;00001;00000;00000;00000;00000;00000022;00000000;00000000;00000000;00000000;00000;00000;
08;42;9;055;99;Casarejos                                         ;00001;00000;00000;00000;00000;00000176;00000000;00000000;00000000;00000000;00000;00000;
08;42;9;056;99;Castilfrío de la Sierra                           ;00001;00000;00000;00000;00000;00000024;00000000;00000000;00000000;00000000;00000;00000;
08;42;9;057;99;Castilruiz                                        ;00001;00000;00000;00000;00000;00000187;00000000;00000000;00000000;00000000;00000;00000;
08;42;9;058;99;Castillejo de Robledo                             ;00001;00000;00000;00000;00000;00000114;00000000;00000000;00000000;00000000;00000;00000;
08;42;9;059;99;Centenera de Andaluz                              ;00001;00000;00000;00000;00000;00000021;00000000;00000000;00000000;00000000;00000;00000;
08;42;9;060;99;Cerbón                                            ;00001;00000;00000;00000;00000;00000036;00000000;00000000;00000000;00000000;00000;00000;
08;42;9;061;99;Cidones                                           ;00001;00000;00000;00000;00000;00000296;00000000;00000000;00000000;00000000;00000;00000;
08;42;9;062;99;Cigudosa                                          ;00001;00000;00000;00000;00000;00000032;00000000;00000000;00000000;00000000;00000;00000;
08;42;9;063;99;Cihuela                                           ;00001;00000;00000;00000;00000;00000056;00000000;00000000;00000000;00000000;00000;00000;
08;42;9;064;99;Ciria                                             ;00001;00000;00000;00000;00000;00000090;00000000;00000000;00000000;00000000;00000;00000;
08;42;9;065;99;Cirujales del Río                                 ;00001;00000;00000;00000;00000;00000024;00000000;00000000;00000000;00000000;00000;00000;
08;42;9;068;99;Coscurita                                         ;00001;00000;00000;00000;00000;00000088;00000000;00000000;00000000;00000000;00000;00000;
08;42;9;069;99;Covaleda                                          ;00002;00000;00000;00000;00000;00001564;00000000;00000000;00000000;00000000;00000;00000;
08;42;9;070;99;Cubilla                                           ;00001;00000;00000;00000;00000;00000041;00000000;00000000;00000000;00000000;00000;00000;
08;42;9;071;99;Cubo de la Solana                                 ;00001;00000;00000;00000;00000;00000168;00000000;00000000;00000000;00000000;00000;00000;
08;42;9;073;99;Cueva de Ágreda                                   ;00001;00000;00000;00000;00000;00000079;00000000;00000000;00000000;00000000;00000;00000;
08;42;9;075;99;Dévanos                                           ;00001;00000;00000;00000;00000;00000091;00000000;00000000;00000000;00000000;00000;00000;
08;42;9;076;99;Deza                                              ;00001;00000;00000;00000;00000;00000219;00000000;00000000;00000000;00000000;00000;00000;
08;42;9;078;99;Duruelo de la Sierra                              ;00001;00000;00000;00000;00000;00001060;00000000;00000000;00000000;00000000;00000;00000;
08;42;9;079;99;Escobosa de Almazán                               ;00001;00000;00000;00000;00000;00000028;00000000;00000000;00000000;00000000;00000;00000;
08;42;9;080;99;Espeja de San Marcelino                           ;00001;00000;00000;00000;00000;00000158;00000000;00000000;00000000;00000000;00000;00000;
08;42;9;081;99;Espejón                                           ;00001;00000;00000;00000;00000;00000147;00000000;00000000;00000000;00000000;00000;00000;
08;42;9;082;99;Estepa de San Juan                                ;00001;00000;00000;00000;00000;00000008;00000000;00000000;00000000;00000000;00000;00000;
08;42;9;083;99;Frechilla de Almazán                              ;00001;00000;00000;00000;00000;00000025;00000000;00000000;00000000;00000000;00000;00000;
08;42;9;084;99;Fresno de Caracena                                ;00001;00000;00000;00000;00000;00000027;00000000;00000000;00000000;00000000;00000;00000;
08;42;9;085;99;Fuentearmegil                                     ;00001;00000;00000;00000;00000;00000200;00000000;00000000;00000000;00000000;00000;00000;
08;42;9;086;99;Fuentecambrón                                     ;00001;00000;00000;00000;00000;00000041;00000000;00000000;00000000;00000000;00000;00000;
08;42;9;087;99;Fuentecantos                                      ;00001;00000;00000;00000;00000;00000047;00000000;00000000;00000000;00000000;00000;00000;
08;42;9;088;99;Fuentelmonge                                      ;00001;00000;00000;00000;00000;00000072;00000000;00000000;00000000;00000000;00000;00000;
08;42;9;089;99;Fuentelsaz de Soria                               ;00001;00000;00000;00000;00000;00000052;00000000;00000000;00000000;00000000;00000;00000;
08;42;9;090;99;Fuentepinilla                                     ;00001;00000;00000;00000;00000;00000095;00000000;00000000;00000000;00000000;00000;00000;
08;42;9;092;99;Fuentes de Magaña                                 ;00001;00000;00000;00000;00000;00000069;00000000;00000000;00000000;00000000;00000;00000;
08;42;9;093;99;Fuentestrún                                       ;00001;00000;00000;00000;00000;00000049;00000000;00000000;00000000;00000000;00000;00000;
08;42;9;094;99;Garray                                            ;00001;00000;00000;00000;00000;00000592;00000000;00000000;00000000;00000000;00000;00000;
08;42;9;095;99;Golmayo                                           ;00003;00000;00000;00000;00000;00001731;00000000;00000000;00000000;00000000;00000;00000;
08;42;9;096;99;Gómara                                            ;00001;00000;00000;00000;00000;00000286;00000000;00000000;00000000;00000000;00000;00000;
08;42;9;097;99;Gormaz                                            ;00001;00000;00000;00000;00000;00000021;00000000;00000000;00000000;00000000;00000;00000;
08;42;9;098;99;Herrera de Soria                                  ;00001;00000;00000;00000;00000;00000012;00000000;00000000;00000000;00000000;00000;00000;
08;42;9;100;99;Hinojosa del Campo                                ;00001;00000;00000;00000;00000;00000032;00000000;00000000;00000000;00000000;00000;00000;
08;42;9;103;99;Langa de Duero                                    ;00001;00000;00000;00000;00000;00000631;00000000;00000000;00000000;00000000;00000;00000;
08;42;9;105;99;Liceras                                           ;00001;00000;00000;00000;00000;00000053;00000000;00000000;00000000;00000000;00000;00000;
08;42;9;106;99;La Losilla                                        ;00001;00000;00000;00000;00000;00000016;00000000;00000000;00000000;00000000;00000;00000;
08;42;9;107;99;Magaña                                            ;00001;00000;00000;00000;00000;00000082;00000000;00000000;00000000;00000000;00000;00000;
08;42;9;108;99;Maján                                             ;00001;00000;00000;00000;00000;00000012;00000000;00000000;00000000;00000000;00000;00000;
08;42;9;110;99;Matalebreras                                      ;00001;00000;00000;00000;00000;00000073;00000000;00000000;00000000;00000000;00000;00000;
08;42;9;111;99;Matamala de Almazán                               ;00001;00000;00000;00000;00000;00000294;00000000;00000000;00000000;00000000;00000;00000;
08;42;9;113;99;Medinaceli                                        ;00001;00000;00000;00000;00000;00000555;00000000;00000000;00000000;00000000;00000;00000;
08;42;9;115;99;Miño de Medinaceli                                ;00001;00000;00000;00000;00000;00000066;00000000;00000000;00000000;00000000;00000;00000;
08;42;9;116;99;Miño de San Esteban                               ;00001;00000;00000;00000;00000;00000049;00000000;00000000;00000000;00000000;00000;00000;
08;42;9;117;99;Molinos de Duero                                  ;00001;00000;00000;00000;00000;00000151;00000000;00000000;00000000;00000000;00000;00000;
08;42;9;118;99;Momblona                                          ;00001;00000;00000;00000;00000;00000025;00000000;00000000;00000000;00000000;00000;00000;
08;42;9;119;99;Monteagudo de las Vicarías                        ;00001;00000;00000;00000;00000;00000176;00000000;00000000;00000000;00000000;00000;00000;
08;42;9;120;99;Montejo de Tiermes                                ;00001;00000;00000;00000;00000;00000145;00000000;00000000;00000000;00000000;00000;00000;
08;42;9;121;99;Montenegro de Cameros                             ;00001;00000;00000;00000;00000;00000065;00000000;00000000;00000000;00000000;00000;00000;
08;42;9;123;99;Morón de Almazán                                  ;00001;00000;00000;00000;00000;00000169;00000000;00000000;00000000;00000000;00000;00000;
08;42;9;124;99;Muriel de la Fuente                               ;00001;00000;00000;00000;00000;00000068;00000000;00000000;00000000;00000000;00000;00000;
08;42;9;125;99;Muriel Viejo                                      ;00001;00000;00000;00000;00000;00000070;00000000;00000000;00000000;00000000;00000;00000;
08;42;9;127;99;Nafría de Ucero                                   ;00001;00000;00000;00000;00000;00000040;00000000;00000000;00000000;00000000;00000;00000;
08;42;9;128;99;Narros                                            ;00001;00000;00000;00000;00000;00000042;00000000;00000000;00000000;00000000;00000;00000;
08;42;9;129;99;Navaleno                                          ;00001;00000;00000;00000;00000;00000706;00000000;00000000;00000000;00000000;00000;00000;
08;42;9;130;99;Nepas                                             ;00001;00000;00000;00000;00000;00000066;00000000;00000000;00000000;00000000;00000;00000;
08;42;9;131;99;Nolay                                             ;00001;00000;00000;00000;00000;00000052;00000000;00000000;00000000;00000000;00000;00000;
08;42;9;132;99;Noviercas                                         ;00001;00000;00000;00000;00000;00000149;00000000;00000000;00000000;00000000;00000;00000;
08;42;9;134;99;Ólvega                                            ;00003;00000;00000;00000;00000;00002664;00000000;00000000;00000000;00000000;00000;00000;
08;42;9;135;99;Oncala                                            ;00001;00000;00000;00000;00000;00000080;00000000;00000000;00000000;00000000;00000;00000;
08;42;9;139;99;Pinilla del Campo                                 ;00001;00000;00000;00000;00000;00000021;00000000;00000000;00000000;00000000;00000;00000;
08;42;9;140;99;Portillo de Soria                                 ;00001;00000;00000;00000;00000;00000017;00000000;00000000;00000000;00000000;00000;00000;
08;42;9;141;99;La Póveda de Soria                                ;00001;00000;00000;00000;00000;00000109;00000000;00000000;00000000;00000000;00000;00000;
08;42;9;142;99;Pozalmuro                                         ;00001;00000;00000;00000;00000;00000054;00000000;00000000;00000000;00000000;00000;00000;
08;42;9;144;99;Quintana Redonda                                  ;00001;00000;00000;00000;00000;00000458;00000000;00000000;00000000;00000000;00000;00000;
08;42;9;145;99;Quintanas de Gormaz                               ;00001;00000;00000;00000;00000;00000128;00000000;00000000;00000000;00000000;00000;00000;
08;42;9;148;99;Quiñonería                                        ;00001;00000;00000;00000;00000;00000008;00000000;00000000;00000000;00000000;00000;00000;
08;42;9;149;99;Los Rábanos                                       ;00001;00000;00000;00000;00000;00000413;00000000;00000000;00000000;00000000;00000;00000;
08;42;9;151;99;Rebollar                                          ;00001;00000;00000;00000;00000;00000036;00000000;00000000;00000000;00000000;00000;00000;
08;42;9;152;99;Recuerda                                          ;00001;00000;00000;00000;00000;00000091;00000000;00000000;00000000;00000000;00000;00000;
08;42;9;153;99;Rello                                             ;00001;00000;00000;00000;00000;00000015;00000000;00000000;00000000;00000000;00000;00000;
08;42;9;154;99;Renieblas                                         ;00001;00000;00000;00000;00000;00000088;00000000;00000000;00000000;00000000;00000;00000;
08;42;9;155;99;Retortillo de Soria                               ;00001;00000;00000;00000;00000;00000165;00000000;00000000;00000000;00000000;00000;00000;
08;42;9;156;99;Reznos                                            ;00001;00000;00000;00000;00000;00000029;00000000;00000000;00000000;00000000;00000;00000;
08;42;9;157;99;La Riba de Escalote                               ;00001;00000;00000;00000;00000;00000015;00000000;00000000;00000000;00000000;00000;00000;
08;42;9;158;99;Rioseco de Soria                                  ;00001;00000;00000;00000;00000;00000105;00000000;00000000;00000000;00000000;00000;00000;
08;42;9;159;99;Rollamienta                                       ;00001;00000;00000;00000;00000;00000037;00000000;00000000;00000000;00000000;00000;00000;
08;42;9;160;99;El Royo                                           ;00001;00000;00000;00000;00000;00000276;00000000;00000000;00000000;00000000;00000;00000;
08;42;9;161;99;Salduero                                          ;00001;00000;00000;00000;00000;00000150;00000000;00000000;00000000;00000000;00000;00000;
08;42;9;162;99;San Esteban de Gormaz                             ;00003;00000;00000;00000;00000;00002421;00000000;00000000;00000000;00000000;00000;00000;
08;42;9;163;99;San Felices                                       ;00001;00000;00000;00000;00000;00000049;00000000;00000000;00000000;00000000;00000;00000;
08;42;9;164;99;San Leonardo de Yagüe                             ;00002;00000;00000;00000;00000;00001656;00000000;00000000;00000000;00000000;00000;00000;
08;42;9;165;99;San Pedro Manrique                                ;00001;00000;00000;00000;00000;00000411;00000000;00000000;00000000;00000000;00000;00000;
08;42;9;166;99;Santa Cruz de Yanguas                             ;00001;00000;00000;00000;00000;00000064;00000000;00000000;00000000;00000000;00000;00000;
08;42;9;167;99;Santa María de Huerta                             ;00001;00000;00000;00000;00000;00000272;00000000;00000000;00000000;00000000;00000;00000;
08;42;9;168;99;Santa María de las Hoyas                          ;00001;00000;00000;00000;00000;00000114;00000000;00000000;00000000;00000000;00000;00000;
08;42;9;171;99;Serón de Nágima                                   ;00001;00000;00000;00000;00000;00000142;00000000;00000000;00000000;00000000;00000;00000;
08;42;9;172;99;Soliedra                                          ;00001;00000;00000;00000;00000;00000028;00000000;00000000;00000000;00000000;00000;00000;
08;42;9;173;99;Soria                                             ;00033;00000;00000;00000;00000;00029589;00000000;00000000;00000000;00000000;00000;00000;
08;42;9;174;99;Sotillo del Rincón                                ;00001;00000;00000;00000;00000;00000170;00000000;00000000;00000000;00000000;00000;00000;
08;42;9;175;99;Suellacabras                                      ;00001;00000;00000;00000;00000;00000021;00000000;00000000;00000000;00000000;00000;00000;
08;42;9;176;99;Tajahuerce                                        ;00001;00000;00000;00000;00000;00000029;00000000;00000000;00000000;00000000;00000;00000;
08;42;9;177;99;Tajueco                                           ;00001;00000;00000;00000;00000;00000074;00000000;00000000;00000000;00000000;00000;00000;
08;42;9;178;99;Talveila                                          ;00001;00000;00000;00000;00000;00000130;00000000;00000000;00000000;00000000;00000;00000;
08;42;9;181;99;Tardelcuende                                      ;00001;00000;00000;00000;00000;00000420;00000000;00000000;00000000;00000000;00000;00000;
08;42;9;182;99;Taroda                                            ;00001;00000;00000;00000;00000;00000060;00000000;00000000;00000000;00000000;00000;00000;
08;42;9;183;99;Tejado                                            ;00001;00000;00000;00000;00000;00000119;00000000;00000000;00000000;00000000;00000;00000;
08;42;9;184;99;Torlengua                                         ;00001;00000;00000;00000;00000;00000066;00000000;00000000;00000000;00000000;00000;00000;
08;42;9;185;99;Torreblacos                                       ;00001;00000;00000;00000;00000;00000028;00000000;00000000;00000000;00000000;00000;00000;
08;42;9;187;99;Torrubia de Soria                                 ;00001;00000;00000;00000;00000;00000067;00000000;00000000;00000000;00000000;00000;00000;
08;42;9;188;99;Trévago                                           ;00001;00000;00000;00000;00000;00000054;00000000;00000000;00000000;00000000;00000;00000;
08;42;9;189;99;Ucero                                             ;00001;00000;00000;00000;00000;00000064;00000000;00000000;00000000;00000000;00000;00000;
08;42;9;190;99;Vadillo                                           ;00001;00000;00000;00000;00000;00000098;00000000;00000000;00000000;00000000;00000;00000;
08;42;9;191;99;Valdeavellano de Tera                             ;00001;00000;00000;00000;00000;00000184;00000000;00000000;00000000;00000000;00000;00000;
08;42;9;192;99;Valdegeña                                         ;00001;00000;00000;00000;00000;00000043;00000000;00000000;00000000;00000000;00000;00000;
08;42;9;193;99;Valdelagua del Cerro                              ;00001;00000;00000;00000;00000;00000015;00000000;00000000;00000000;00000000;00000;00000;
08;42;9;194;99;Valdemaluque                                      ;00001;00000;00000;00000;00000;00000185;00000000;00000000;00000000;00000000;00000;00000;
08;42;9;195;99;Valdenebro                                        ;00001;00000;00000;00000;00000;00000107;00000000;00000000;00000000;00000000;00000;00000;
08;42;9;196;99;Valdeprado                                        ;00001;00000;00000;00000;00000;00000014;00000000;00000000;00000000;00000000;00000;00000;
08;42;9;197;99;Valderrodilla                                     ;00001;00000;00000;00000;00000;00000080;00000000;00000000;00000000;00000000;00000;00000;
08;42;9;198;99;Valtajeros                                        ;00001;00000;00000;00000;00000;00000021;00000000;00000000;00000000;00000000;00000;00000;
08;42;9;200;99;Velamazán                                         ;00001;00000;00000;00000;00000;00000088;00000000;00000000;00000000;00000000;00000;00000;
08;42;9;201;99;Velilla de la Sierra                              ;00001;00000;00000;00000;00000;00000024;00000000;00000000;00000000;00000000;00000;00000;
08;42;9;202;99;Velilla de los Ajos                               ;00001;00000;00000;00000;00000;00000027;00000000;00000000;00000000;00000000;00000;00000;
08;42;9;204;99;Viana de Duero                                    ;00001;00000;00000;00000;00000;00000055;00000000;00000000;00000000;00000000;00000;00000;
08;42;9;205;99;Villaciervos                                      ;00001;00000;00000;00000;00000;00000096;00000000;00000000;00000000;00000000;00000;00000;
08;42;9;206;99;Villanueva de Gormaz                              ;00001;00000;00000;00000;00000;00000015;00000000;00000000;00000000;00000000;00000;00000;
08;42;9;207;99;Villar del Ala                                    ;00001;00000;00000;00000;00000;00000042;00000000;00000000;00000000;00000000;00000;00000;
08;42;9;208;99;Villar del Campo                                  ;00001;00000;00000;00000;00000;00000024;00000000;00000000;00000000;00000000;00000;00000;
08;42;9;209;99;Villar del Río                                    ;00001;00000;00000;00000;00000;00000148;00000000;00000000;00000000;00000000;00000;00000;
08;42;9;211;99;Los Villares de Soria                             ;00001;00000;00000;00000;00000;00000084;00000000;00000000;00000000;00000000;00000;00000;
08;42;9;212;99;Villasayas                                        ;00001;00000;00000;00000;00000;00000073;00000000;00000000;00000000;00000000;00000;00000;
08;42;9;213;99;Villaseca de Arciel                               ;00001;00000;00000;00000;00000;00000030;00000000;00000000;00000000;00000000;00000;00000;
08;42;9;215;99;Vinuesa                                           ;00001;00000;00000;00000;00000;00000803;00000000;00000000;00000000;00000000;00000;00000;
08;42;9;216;99;Vizmanos                                          ;00001;00000;00000;00000;00000;00000027;00000000;00000000;00000000;00000000;00000;00000;
08;42;9;217;99;Vozmediano                                        ;00001;00000;00000;00000;00000;00000035;00000000;00000000;00000000;00000000;00000;00000;
08;42;9;218;99;Yanguas                                           ;00001;00000;00000;00000;00000;00000087;00000000;00000000;00000000;00000000;00000;00000;
08;42;9;219;99;Yelo                                              ;00001;00000;00000;00000;00000;00000047;00000000;00000000;00000000;00000000;00000;00000;
