14;20;9;001;99;Abaltzisketa                                      ;00001;00000;00000;00000;00000;00000242;00000000;00000000;00000000;00000000;00000;00000;
14;20;9;002;99;Aduna                                             ;00001;00000;00000;00000;00000;00000350;00000000;00000000;00000000;00000000;00000;00000;
14;20;9;003;99;Aizarnazabal                                      ;00001;00000;00000;00000;00000;00000548;00000000;00000000;00000000;00000000;00000;00000;
14;20;9;004;99;Albiztur                                          ;00001;00000;00000;00000;00000;00000254;00000000;00000000;00000000;00000000;00000;00000;
14;20;9;005;99;Alegia                                            ;00002;00000;00000;00000;00000;00001283;00000000;00000000;00000000;00000000;00000;00000;
14;20;9;006;99;Alkiza                                            ;00001;00000;00000;00000;00000;00000273;00000000;00000000;00000000;00000000;00000;00000;
14;20;9;007;99;Altzo                                             ;00001;00000;00000;00000;00000;00000295;00000000;00000000;00000000;00000000;00000;00000;
14;20;9;008;99;Amezketa                                          ;00001;00000;00000;00000;00000;00000739;00000000;00000000;00000000;00000000;00000;00000;
14;20;9;009;99;Andoain                                           ;00014;00000;00000;00000;00000;00011668;00000000;00000000;00000000;00000000;00000;00000;
14;20;9;010;99;Anoeta                                            ;00002;00000;00000;00000;00000;00001445;00000000;00000000;00000000;00000000;00000;00000;
14;20;9;011;99;Antzuola                                          ;00002;00000;00000;00000;00000;00001672;00000000;00000000;00000000;00000000;00000;00000;
14;20;9;012;99;Arama                                             ;00001;00000;00000;00000;00000;00000149;00000000;00000000;00000000;00000000;00000;00000;
14;20;9;013;99;Aretxabaleta                                      ;00007;00000;00000;00000;00000;00005403;00000000;00000000;00000000;00000000;00000;00000;
14;20;9;014;99;Asteasu                                           ;00001;00000;00000;00000;00000;00001118;00000000;00000000;00000000;00000000;00000;00000;
14;20;9;015;99;Ataun                                             ;00002;00000;00000;00000;00000;00001301;00000000;00000000;00000000;00000000;00000;00000;
14;20;9;016;99;Aia                                               ;00002;00000;00000;00000;00000;00001529;00000000;00000000;00000000;00000000;00000;00000;
14;20;9;017;99;Azkoitia                                          ;00011;00000;00000;00000;00000;00008580;00000000;00000000;00000000;00000000;00000;00000;
14;20;9;018;99;Azpeitia                                          ;00014;00000;00000;00000;00000;00011109;00000000;00000000;00000000;00000000;00000;00000;
14;20;9;019;99;Beasain                                           ;00013;00000;00000;00000;00000;00010087;00000000;00000000;00000000;00000000;00000;00000;
14;20;9;020;99;Beizama                                           ;00001;00000;00000;00000;00000;00000131;00000000;00000000;00000000;00000000;00000;00000;
14;20;9;021;99;Belauntza                                         ;00001;00000;00000;00000;00000;00000213;00000000;00000000;00000000;00000000;00000;00000;
14;20;9;022;99;Berastegi                                         ;00001;00000;00000;00000;00000;00000825;00000000;00000000;00000000;00000000;00000;00000;
14;20;9;023;99;Berrobi                                           ;00001;00000;00000;00000;00000;00000437;00000000;00000000;00000000;00000000;00000;00000;
14;20;9;024;99;Bidania-Goiatz                                    ;00001;00000;00000;00000;00000;00000394;00000000;00000000;00000000;00000000;00000;00000;
14;20;9;025;99;Zegama                                            ;00001;00000;00000;00000;00000;00001158;00000000;00000000;00000000;00000000;00000;00000;
14;20;9;026;99;Zerain                                            ;00001;00000;00000;00000;00000;00000208;00000000;00000000;00000000;00000000;00000;00000;
14;20;9;027;99;Zestoa                                            ;00005;00000;00000;00000;00000;00002813;00000000;00000000;00000000;00000000;00000;00000;
14;20;9;028;99;Zizurkil                                          ;00003;00000;00000;00000;00000;00002291;00000000;00000000;00000000;00000000;00000;00000;
14;20;9;029;99;Deba                                              ;00006;00000;00000;00000;00000;00004278;00000000;00000000;00000000;00000000;00000;00000;
14;20;9;030;99;Eibar                                             ;00027;00000;00000;00000;00000;00021742;00000000;00000000;00000000;00000000;00000;00000;
14;20;9;031;99;Elduain                                           ;00001;00000;00000;00000;00000;00000180;00000000;00000000;00000000;00000000;00000;00000;
14;20;9;032;99;Elgoibar                                          ;00011;00000;00000;00000;00000;00008852;00000000;00000000;00000000;00000000;00000;00000;
14;20;9;033;99;Elgeta                                            ;00001;00000;00000;00000;00000;00000871;00000000;00000000;00000000;00000000;00000;00000;
14;20;9;034;99;Eskoriatza                                        ;00004;00000;00000;00000;00000;00003194;00000000;00000000;00000000;00000000;00000;00000;
14;20;9;035;99;Ezkio-Itsaso                                      ;00001;00000;00000;00000;00000;00000491;00000000;00000000;00000000;00000000;00000;00000;
14;20;9;036;99;Hondarribia                                       ;00016;00000;00000;00000;00000;00013080;00000000;00000000;00000000;00000000;00000;00000;
14;20;9;037;99;Gaintza                                           ;00001;00000;00000;00000;00000;00000099;00000000;00000000;00000000;00000000;00000;00000;
14;20;9;038;99;Gabiria                                           ;00001;00000;00000;00000;00000;00000391;00000000;00000000;00000000;00000000;00000;00000;
14;20;9;039;99;Getaria                                           ;00003;00000;00000;00000;00000;00002059;00000000;00000000;00000000;00000000;00000;00000;
14;20;9;040;99;Hernani                                           ;00021;00000;00000;00000;00000;00015226;00000000;00000000;00000000;00000000;00000;00000;
14;20;9;041;99;Hernialde                                         ;00001;00000;00000;00000;00000;00000273;00000000;00000000;00000000;00000000;00000;00000;
14;20;9;042;99;Ibarra                                            ;00004;00000;00000;00000;00000;00003305;00000000;00000000;00000000;00000000;00000;00000;
14;20;9;043;99;Idiazabal                                         ;00002;00000;00000;00000;00000;00001754;00000000;00000000;00000000;00000000;00000;00000;
14;20;9;044;99;Ikaztegieta                                       ;00001;00000;00000;00000;00000;00000366;00000000;00000000;00000000;00000000;00000;00000;
14;20;9;045;99;Irun                                              ;00057;00000;00000;00000;00000;00046652;00000000;00000000;00000000;00000000;00000;00000;
14;20;9;046;99;Irura                                             ;00001;00000;00000;00000;00000;00001147;00000000;00000000;00000000;00000000;00000;00000;
14;20;9;047;99;Itsasondo                                         ;00001;00000;00000;00000;00000;00000475;00000000;00000000;00000000;00000000;00000;00000;
14;20;9;048;99;Larraul                                           ;00001;00000;00000;00000;00000;00000179;00000000;00000000;00000000;00000000;00000;00000;
14;20;9;049;99;Lazkao                                            ;00006;00000;00000;00000;00000;00004091;00000000;00000000;00000000;00000000;00000;00000;
14;20;9;050;99;Leaburu                                           ;00001;00000;00000;00000;00000;00000276;00000000;00000000;00000000;00000000;00000;00000;
14;20;9;051;99;Legazpi                                           ;00010;00000;00000;00000;00000;00006948;00000000;00000000;00000000;00000000;00000;00000;
14;20;9;052;99;Legorreta                                         ;00001;00000;00000;00000;00000;00001104;00000000;00000000;00000000;00000000;00000;00000;
14;20;9;053;99;Lezo                                              ;00006;00000;00000;00000;00000;00004801;00000000;00000000;00000000;00000000;00000;00000;
14;20;9;054;99;Lizartza                                          ;00001;00000;00000;00000;00000;00000464;00000000;00000000;00000000;00000000;00000;00000;
14;20;9;055;99;Arrasate/Mondragón                                ;00020;00000;00000;00000;00000;00017595;00000000;00000000;00000000;00000000;00000;00000;
14;20;9;056;99;Mutriku                                           ;00005;00000;00000;00000;00000;00004096;00000000;00000000;00000000;00000000;00000;00000;
14;20;9;057;99;Mutiloa                                           ;00001;00000;00000;00000;00000;00000198;00000000;00000000;00000000;00000000;00000;00000;
14;20;9;058;99;Olaberria                                         ;00002;00000;00000;00000;00000;00000772;00000000;00000000;00000000;00000000;00000;00000;
14;20;9;059;99;Oñati                                             ;00010;00000;00000;00000;00000;00008882;00000000;00000000;00000000;00000000;00000;00000;
14;20;9;060;99;Orexa                                             ;00001;00000;00000;00000;00000;00000089;00000000;00000000;00000000;00000000;00000;00000;
14;20;9;061;99;Orio                                              ;00005;00000;00000;00000;00000;00004209;00000000;00000000;00000000;00000000;00000;00000;
14;20;9;062;99;Ormaiztegi                                        ;00001;00000;00000;00000;00000;00000980;00000000;00000000;00000000;00000000;00000;00000;
14;20;9;063;99;Oiartzun                                          ;00011;00000;00000;00000;00000;00007909;00000000;00000000;00000000;00000000;00000;00000;
14;20;9;064;99;Pasaia                                            ;00017;00000;00000;00000;00000;00012422;00000000;00000000;00000000;00000000;00000;00000;
14;20;9;065;99;Soraluze/Placencia de las Armas                   ;00003;00000;00000;00000;00000;00003101;00000000;00000000;00000000;00000000;00000;00000;
14;20;9;066;99;Errezil                                           ;00001;00000;00000;00000;00000;00000456;00000000;00000000;00000000;00000000;00000;00000;
14;20;9;067;99;Errenteria                                        ;00042;00000;00000;00000;00000;00031028;00000000;00000000;00000000;00000000;00000;00000;
14;20;9;068;99;Leintz-Gatzaga                                    ;00001;00000;00000;00000;00000;00000192;00000000;00000000;00000000;00000000;00000;00000;
14;20;9;069;99;Donostia/San Sebastián                            ;00181;00000;00000;00000;00000;00147441;00000000;00000000;00000000;00000000;00000;00000;
14;20;9;070;99;Segura                                            ;00001;00000;00000;00000;00000;00001095;00000000;00000000;00000000;00000000;00000;00000;
14;20;9;071;99;Tolosa                                            ;00018;00000;00000;00000;00000;00014737;00000000;00000000;00000000;00000000;00000;00000;
14;20;9;072;99;Urnieta                                           ;00005;00000;00000;00000;00000;00004666;00000000;00000000;00000000;00000000;00000;00000;
14;20;9;073;99;Usurbil                                           ;00007;00000;00000;00000;00000;00004707;00000000;00000000;00000000;00000000;00000;00000;
14;20;9;074;99;Bergara                                           ;00016;00000;00000;00000;00000;00011605;00000000;00000000;00000000;00000000;00000;00000;
14;20;9;075;99;Villabona                                         ;00006;00000;00000;00000;00000;00004386;00000000;00000000;00000000;00000000;00000;00000;
14;20;9;076;99;Ordizia                                           ;00009;00000;00000;00000;00000;00007038;00000000;00000000;00000000;00000000;00000;00000;
14;20;9;077;99;Urretxu                                           ;00006;00000;00000;00000;00000;00005284;00000000;00000000;00000000;00000000;00000;00000;
14;20;9;078;99;Zaldibia                                          ;00001;00000;00000;00000;00000;00001168;00000000;00000000;00000000;00000000;00000;00000;
14;20;9;079;99;Zarautz                                           ;00023;00000;00000;00000;00000;00017728;00000000;00000000;00000000;00000000;00000;00000;
14;20;9;080;99;Zumarraga                                         ;00011;00000;00000;00000;00000;00008011;00000000;00000000;00000000;00000000;00000;00000;
14;20;9;081;99;Zumaia                                            ;00009;00000;00000;00000;00000;00007433;00000000;00000000;00000000;00000000;00000;00000;
14;20;9;901;99;Mendaro                                           ;00002;00000;00000;00000;00000;00001454;00000000;00000000;00000000;00000000;00000;00000;
14;20;9;902;99;Lasarte-Oria                                      ;00017;00000;00000;00000;00000;00014204;00000000;00000000;00000000;00000000;00000;00000;
14;20;9;903;99;Astigarraga                                       ;00005;00000;00000;00000;00000;00004048;00000000;00000000;00000000;00000000;00000;00000;
14;20;9;904;99;Baliarrain                                        ;00001;00000;00000;00000;00000;00000095;00000000;00000000;00000000;00000000;00000;00000;
14;20;9;905;99;Orendain                                          ;00001;00000;00000;00000;00000;00000148;00000000;00000000;00000000;00000000;00000;00000;
14;20;9;906;99;Altzaga                                           ;00001;00000;00000;00000;00000;00000117;00000000;00000000;00000000;00000000;00000;00000;
14;20;9;907;99;Gaztelu                                           ;00001;00000;00000;00000;00000;00000131;00000000;00000000;00000000;00000000;00000;00000;
