14;01;9;001;99;Alegría-Dulantzi                                  ;00002;00000;00000;00000;00000;00002028;00000000;00000000;00000000;00000000;00000;00000;
14;01;9;002;99;Amurrio                                           ;00012;00000;00000;00000;00000;00008172;00000000;00000000;00000000;00000000;00000;00000;
14;01;9;003;99;Aramaio                                           ;00001;00000;00000;00000;00000;00001189;00000000;00000000;00000000;00000000;00000;00000;
14;01;9;004;99;Artziniega                                        ;00002;00000;00000;00000;00000;00001424;00000000;00000000;00000000;00000000;00000;00000;
14;01;9;006;99;Armiñón                                           ;00001;00000;00000;00000;00000;00000187;00000000;00000000;00000000;00000000;00000;00000;
14;01;9;008;99;Arratzua-Ubarrundia                               ;00001;00000;00000;00000;00000;00000787;00000000;00000000;00000000;00000000;00000;00000;
14;01;9;009;99;Asparrena                                         ;00002;00000;00000;00000;00000;00001281;00000000;00000000;00000000;00000000;00000;00000;
14;01;9;010;99;Ayala/Aiara                                       ;00003;00000;00000;00000;00000;00002273;00000000;00000000;00000000;00000000;00000;00000;
14;01;9;011;99;Baños de Ebro/Mañueta                             ;00001;00000;00000;00000;00000;00000243;00000000;00000000;00000000;00000000;00000;00000;
14;01;9;013;99;Barrundia                                         ;00001;00000;00000;00000;00000;00000723;00000000;00000000;00000000;00000000;00000;00000;
14;01;9;014;99;Berantevilla                                      ;00001;00000;00000;00000;00000;00000380;00000000;00000000;00000000;00000000;00000;00000;
14;01;9;016;99;Bernedo                                           ;00001;00000;00000;00000;00000;00000441;00000000;00000000;00000000;00000000;00000;00000;
14;01;9;017;99;Campezo/Kanpezu                                   ;00001;00000;00000;00000;00000;00000866;00000000;00000000;00000000;00000000;00000;00000;
14;01;9;018;99;Zigoitia                                          ;00002;00000;00000;00000;00000;00001387;00000000;00000000;00000000;00000000;00000;00000;
14;01;9;019;99;Kripan                                            ;00001;00000;00000;00000;00000;00000149;00000000;00000000;00000000;00000000;00000;00000;
14;01;9;020;99;Kuartango                                         ;00001;00000;00000;00000;00000;00000318;00000000;00000000;00000000;00000000;00000;00000;
14;01;9;021;99;Elburgo/Burgelu                                   ;00001;00000;00000;00000;00000;00000475;00000000;00000000;00000000;00000000;00000;00000;
14;01;9;022;99;Elciego                                           ;00001;00000;00000;00000;00000;00000826;00000000;00000000;00000000;00000000;00000;00000;
14;01;9;023;99;Elvillar/Bilar                                    ;00001;00000;00000;00000;00000;00000278;00000000;00000000;00000000;00000000;00000;00000;
14;01;9;027;99;Iruraiz-Gauna                                     ;00001;00000;00000;00000;00000;00000419;00000000;00000000;00000000;00000000;00000;00000;
14;01;9;028;99;Labastida/Bastida                                 ;00001;00000;00000;00000;00000;00001093;00000000;00000000;00000000;00000000;00000;00000;
14;01;9;030;99;Lagrán                                            ;00001;00000;00000;00000;00000;00000151;00000000;00000000;00000000;00000000;00000;00000;
14;01;9;031;99;Laguardia                                         ;00002;00000;00000;00000;00000;00001221;00000000;00000000;00000000;00000000;00000;00000;
14;01;9;032;99;Lanciego/Lantziego                                ;00001;00000;00000;00000;00000;00000521;00000000;00000000;00000000;00000000;00000;00000;
14;01;9;033;99;Lapuebla de Labarca                               ;00001;00000;00000;00000;00000;00000662;00000000;00000000;00000000;00000000;00000;00000;
14;01;9;034;99;Leza                                              ;00001;00000;00000;00000;00000;00000167;00000000;00000000;00000000;00000000;00000;00000;
14;01;9;036;99;Laudio/Llodio                                     ;00019;00000;00000;00000;00000;00015134;00000000;00000000;00000000;00000000;00000;00000;
14;01;9;037;99;Arraia-Maeztu                                     ;00001;00000;00000;00000;00000;00000601;00000000;00000000;00000000;00000000;00000;00000;
14;01;9;039;99;Moreda de Álava/Moreda Araba                      ;00001;00000;00000;00000;00000;00000211;00000000;00000000;00000000;00000000;00000;00000;
14;01;9;041;99;Navaridas                                         ;00001;00000;00000;00000;00000;00000152;00000000;00000000;00000000;00000000;00000;00000;
14;01;9;042;99;Okondo                                            ;00001;00000;00000;00000;00000;00000901;00000000;00000000;00000000;00000000;00000;00000;
14;01;9;043;99;Oyón-Oion                                         ;00003;00000;00000;00000;00000;00002329;00000000;00000000;00000000;00000000;00000;00000;
14;01;9;044;99;Peñacerrada-Urizaharra                            ;00001;00000;00000;00000;00000;00000236;00000000;00000000;00000000;00000000;00000;00000;
14;01;9;046;99;Erriberagoitia/Ribera Alta                        ;00001;00000;00000;00000;00000;00000593;00000000;00000000;00000000;00000000;00000;00000;
14;01;9;047;99;Ribera Baja/Erribera Beitia                       ;00001;00000;00000;00000;00000;00000980;00000000;00000000;00000000;00000000;00000;00000;
14;01;9;049;99;Añana                                             ;00001;00000;00000;00000;00000;00000143;00000000;00000000;00000000;00000000;00000;00000;
14;01;9;051;99;Salvatierra/Agurain                               ;00005;00000;00000;00000;00000;00003623;00000000;00000000;00000000;00000000;00000;00000;
14;01;9;052;99;Samaniego                                         ;00001;00000;00000;00000;00000;00000234;00000000;00000000;00000000;00000000;00000;00000;
14;01;9;053;99;San Millán/Donemiliaga                            ;00001;00000;00000;00000;00000;00000597;00000000;00000000;00000000;00000000;00000;00000;
14;01;9;054;99;Urkabustaiz                                       ;00001;00000;00000;00000;00000;00000952;00000000;00000000;00000000;00000000;00000;00000;
14;01;9;055;99;Valdegovía/Gaubea                                 ;00002;00000;00000;00000;00000;00000853;00000000;00000000;00000000;00000000;00000;00000;
14;01;9;056;99;Harana/Valle de Arana                             ;00001;00000;00000;00000;00000;00000233;00000000;00000000;00000000;00000000;00000;00000;
14;01;9;057;99;Villabuena de Álava/Eskuernaga                    ;00001;00000;00000;00000;00000;00000254;00000000;00000000;00000000;00000000;00000;00000;
14;01;9;058;99;Legutio                                           ;00002;00000;00000;00000;00000;00001313;00000000;00000000;00000000;00000000;00000;00000;
14;01;9;059;99;Vitoria-Gasteiz                                   ;00241;00000;00000;00000;00000;00186347;00000000;00000000;00000000;00000000;00000;00000;
14;01;9;060;99;Yécora/Iekora                                     ;00001;00000;00000;00000;00000;00000212;00000000;00000000;00000000;00000000;00000;00000;
14;01;9;061;99;Zalduondo                                         ;00001;00000;00000;00000;00000;00000153;00000000;00000000;00000000;00000000;00000;00000;
14;01;9;062;99;Zambrana                                          ;00001;00000;00000;00000;00000;00000330;00000000;00000000;00000000;00000000;00000;00000;
14;01;9;063;99;Zuia                                              ;00002;00000;00000;00000;00000;00001806;00000000;00000000;00000000;00000000;00000;00000;
14;01;9;901;99;Iruña Oka/Iruña de Oca                            ;00003;00000;00000;00000;00000;00002285;00000000;00000000;00000000;00000000;00000;00000;
14;01;9;902;99;Lantarón                                          ;00002;00000;00000;00000;00000;00000766;00000000;00000000;00000000;00000000;00000;00000;
