01;18;9;001;99;Agrón                                             ;00001;00000;00000;00000;00000;00000266;00000000;00000000;00000000;00000000;00000;00000;
01;18;9;002;99;Alamedilla                                        ;00001;00000;00000;00000;00000;00000570;00000000;00000000;00000000;00000000;00000;00000;
01;18;9;003;99;Albolote                                          ;00019;00000;00000;00000;00000;00013805;00000000;00000000;00000000;00000000;00000;00000;
01;18;9;004;99;Albondón                                          ;00001;00000;00000;00000;00000;00000777;00000000;00000000;00000000;00000000;00000;00000;
01;18;9;005;99;Albuñán                                           ;00001;00000;00000;00000;00000;00000374;00000000;00000000;00000000;00000000;00000;00000;
01;18;9;006;99;Albuñol                                           ;00007;00000;00000;00000;00000;00004175;00000000;00000000;00000000;00000000;00000;00000;
01;18;9;007;99;Albuñuelas                                        ;00001;00000;00000;00000;00000;00000812;00000000;00000000;00000000;00000000;00000;00000;
01;18;9;010;99;Aldeire                                           ;00001;00000;00000;00000;00000;00000564;00000000;00000000;00000000;00000000;00000;00000;
01;18;9;011;99;Alfacar                                           ;00006;00000;00000;00000;00000;00004315;00000000;00000000;00000000;00000000;00000;00000;
01;18;9;012;99;Algarinejo                                        ;00005;00000;00000;00000;00000;00002427;00000000;00000000;00000000;00000000;00000;00000;
01;18;9;013;99;Alhama de Granada                                 ;00006;00000;00000;00000;00000;00004289;00000000;00000000;00000000;00000000;00000;00000;
01;18;9;014;99;Alhendín                                          ;00009;00000;00000;00000;00000;00006229;00000000;00000000;00000000;00000000;00000;00000;
01;18;9;015;99;Alicún de Ortega                                  ;00001;00000;00000;00000;00000;00000448;00000000;00000000;00000000;00000000;00000;00000;
01;18;9;016;99;Almegíjar                                         ;00001;00000;00000;00000;00000;00000308;00000000;00000000;00000000;00000000;00000;00000;
01;18;9;017;99;Almuñécar                                         ;00024;00000;00000;00000;00000;00018740;00000000;00000000;00000000;00000000;00000;00000;
01;18;9;018;99;Alquife                                           ;00001;00000;00000;00000;00000;00000628;00000000;00000000;00000000;00000000;00000;00000;
01;18;9;020;99;Arenas del Rey                                    ;00003;00000;00000;00000;00000;00001507;00000000;00000000;00000000;00000000;00000;00000;
01;18;9;021;99;Armilla                                           ;00022;00000;00000;00000;00000;00016803;00000000;00000000;00000000;00000000;00000;00000;
01;18;9;022;99;Atarfe                                            ;00017;00000;00000;00000;00000;00013023;00000000;00000000;00000000;00000000;00000;00000;
01;18;9;023;99;Baza                                              ;00020;00000;00000;00000;00000;00016280;00000000;00000000;00000000;00000000;00000;00000;
01;18;9;024;99;Beas de Granada                                   ;00001;00000;00000;00000;00000;00000875;00000000;00000000;00000000;00000000;00000;00000;
01;18;9;025;99;Beas de Guadix                                    ;00001;00000;00000;00000;00000;00000302;00000000;00000000;00000000;00000000;00000;00000;
01;18;9;027;99;Benalúa                                           ;00003;00000;00000;00000;00000;00002561;00000000;00000000;00000000;00000000;00000;00000;
01;18;9;028;99;Benalúa de las Villas                             ;00002;00000;00000;00000;00000;00000956;00000000;00000000;00000000;00000000;00000;00000;
01;18;9;029;99;Benamaurel                                        ;00002;00000;00000;00000;00000;00001911;00000000;00000000;00000000;00000000;00000;00000;
01;18;9;030;99;Bérchules                                         ;00001;00000;00000;00000;00000;00000612;00000000;00000000;00000000;00000000;00000;00000;
01;18;9;032;99;Bubión                                            ;00001;00000;00000;00000;00000;00000270;00000000;00000000;00000000;00000000;00000;00000;
01;18;9;033;99;Busquístar                                        ;00001;00000;00000;00000;00000;00000285;00000000;00000000;00000000;00000000;00000;00000;
01;18;9;034;99;Cacín                                             ;00002;00000;00000;00000;00000;00000502;00000000;00000000;00000000;00000000;00000;00000;
01;18;9;035;99;Cádiar                                            ;00002;00000;00000;00000;00000;00001292;00000000;00000000;00000000;00000000;00000;00000;
01;18;9;036;99;Cájar                                             ;00004;00000;00000;00000;00000;00003697;00000000;00000000;00000000;00000000;00000;00000;
01;18;9;037;99;Calicasas                                         ;00001;00000;00000;00000;00000;00000501;00000000;00000000;00000000;00000000;00000;00000;
01;18;9;038;99;Campotéjar                                        ;00002;00000;00000;00000;00000;00001079;00000000;00000000;00000000;00000000;00000;00000;
01;18;9;039;99;Caniles                                           ;00006;00000;00000;00000;00000;00003641;00000000;00000000;00000000;00000000;00000;00000;
01;18;9;040;99;Cáñar                                             ;00001;00000;00000;00000;00000;00000250;00000000;00000000;00000000;00000000;00000;00000;
01;18;9;042;99;Capileira                                         ;00001;00000;00000;00000;00000;00000426;00000000;00000000;00000000;00000000;00000;00000;
01;18;9;043;99;Carataunas                                        ;00001;00000;00000;00000;00000;00000148;00000000;00000000;00000000;00000000;00000;00000;
01;18;9;044;99;Cástaras                                          ;00001;00000;00000;00000;00000;00000202;00000000;00000000;00000000;00000000;00000;00000;
01;18;9;045;99;Castilléjar                                       ;00002;00000;00000;00000;00000;00001205;00000000;00000000;00000000;00000000;00000;00000;
01;18;9;046;99;Castril                                           ;00005;00000;00000;00000;00000;00001898;00000000;00000000;00000000;00000000;00000;00000;
01;18;9;047;99;Cenes de la Vega                                  ;00007;00000;00000;00000;00000;00005781;00000000;00000000;00000000;00000000;00000;00000;
01;18;9;048;99;Cijuela                                           ;00003;00000;00000;00000;00000;00002354;00000000;00000000;00000000;00000000;00000;00000;
01;18;9;049;99;Cogollos de Guadix                                ;00001;00000;00000;00000;00000;00000582;00000000;00000000;00000000;00000000;00000;00000;
01;18;9;050;99;Cogollos de la Vega                               ;00002;00000;00000;00000;00000;00001682;00000000;00000000;00000000;00000000;00000;00000;
01;18;9;051;99;Colomera                                          ;00002;00000;00000;00000;00000;00001168;00000000;00000000;00000000;00000000;00000;00000;
01;18;9;053;99;Cortes de Baza                                    ;00004;00000;00000;00000;00000;00001785;00000000;00000000;00000000;00000000;00000;00000;
01;18;9;054;99;Cortes y Graena                                   ;00001;00000;00000;00000;00000;00000853;00000000;00000000;00000000;00000000;00000;00000;
01;18;9;056;99;Cúllar                                            ;00006;00000;00000;00000;00000;00003646;00000000;00000000;00000000;00000000;00000;00000;
01;18;9;057;99;Cúllar Vega                                       ;00006;00000;00000;00000;00000;00005182;00000000;00000000;00000000;00000000;00000;00000;
01;18;9;059;99;Chauchina                                         ;00006;00000;00000;00000;00000;00004179;00000000;00000000;00000000;00000000;00000;00000;
01;18;9;061;99;Chimeneas                                         ;00002;00000;00000;00000;00000;00001087;00000000;00000000;00000000;00000000;00000;00000;
01;18;9;062;99;Churriana de la Vega                              ;00013;00000;00000;00000;00000;00009962;00000000;00000000;00000000;00000000;00000;00000;
01;18;9;063;99;Darro                                             ;00002;00000;00000;00000;00000;00001191;00000000;00000000;00000000;00000000;00000;00000;
01;18;9;064;99;Dehesas de Guadix                                 ;00001;00000;00000;00000;00000;00000389;00000000;00000000;00000000;00000000;00000;00000;
01;18;9;066;99;Deifontes                                         ;00003;00000;00000;00000;00000;00002075;00000000;00000000;00000000;00000000;00000;00000;
01;18;9;067;99;Diezma                                            ;00001;00000;00000;00000;00000;00000690;00000000;00000000;00000000;00000000;00000;00000;
01;18;9;068;99;Dílar                                             ;00002;00000;00000;00000;00000;00001530;00000000;00000000;00000000;00000000;00000;00000;
01;18;9;069;99;Dólar                                             ;00001;00000;00000;00000;00000;00000498;00000000;00000000;00000000;00000000;00000;00000;
01;18;9;070;99;Dúdar                                             ;00001;00000;00000;00000;00000;00000283;00000000;00000000;00000000;00000000;00000;00000;
01;18;9;071;99;Dúrcal                                            ;00007;00000;00000;00000;00000;00005601;00000000;00000000;00000000;00000000;00000;00000;
01;18;9;072;99;Escúzar                                           ;00001;00000;00000;00000;00000;00000686;00000000;00000000;00000000;00000000;00000;00000;
01;18;9;074;99;Ferreira                                          ;00001;00000;00000;00000;00000;00000280;00000000;00000000;00000000;00000000;00000;00000;
01;18;9;076;99;Fonelas                                           ;00001;00000;00000;00000;00000;00000829;00000000;00000000;00000000;00000000;00000;00000;
01;18;9;078;99;Freila                                            ;00001;00000;00000;00000;00000;00000819;00000000;00000000;00000000;00000000;00000;00000;
01;18;9;079;99;Fuente Vaqueros                                   ;00004;00000;00000;00000;00000;00003484;00000000;00000000;00000000;00000000;00000;00000;
01;18;9;082;99;Galera                                            ;00001;00000;00000;00000;00000;00000904;00000000;00000000;00000000;00000000;00000;00000;
01;18;9;083;99;Gobernador                                        ;00001;00000;00000;00000;00000;00000284;00000000;00000000;00000000;00000000;00000;00000;
01;18;9;084;99;Gójar                                             ;00005;00000;00000;00000;00000;00004108;00000000;00000000;00000000;00000000;00000;00000;
01;18;9;085;99;Gor                                               ;00001;00000;00000;00000;00000;00000755;00000000;00000000;00000000;00000000;00000;00000;
01;18;9;086;99;Gorafe                                            ;00001;00000;00000;00000;00000;00000362;00000000;00000000;00000000;00000000;00000;00000;
01;18;9;087;99;Granada                                           ;00236;00000;00000;00000;00000;00186228;00000000;00000000;00000000;00000000;00000;00000;
01;18;9;088;99;Guadahortuna                                      ;00002;00000;00000;00000;00000;00001539;00000000;00000000;00000000;00000000;00000;00000;
01;18;9;089;99;Guadix                                            ;00019;00000;00000;00000;00000;00015993;00000000;00000000;00000000;00000000;00000;00000;
01;18;9;093;99;Gualchos                                          ;00004;00000;00000;00000;00000;00002868;00000000;00000000;00000000;00000000;00000;00000;
01;18;9;094;99;Güejar Sierra                                     ;00004;00000;00000;00000;00000;00002387;00000000;00000000;00000000;00000000;00000;00000;
01;18;9;095;99;Güevéjar                                          ;00002;00000;00000;00000;00000;00001943;00000000;00000000;00000000;00000000;00000;00000;
01;18;9;096;99;Huélago                                           ;00001;00000;00000;00000;00000;00000364;00000000;00000000;00000000;00000000;00000;00000;
01;18;9;097;99;Huéneja                                           ;00002;00000;00000;00000;00000;00000969;00000000;00000000;00000000;00000000;00000;00000;
01;18;9;098;99;Huéscar                                           ;00008;00000;00000;00000;00000;00006304;00000000;00000000;00000000;00000000;00000;00000;
01;18;9;099;99;Huétor de Santillán                               ;00002;00000;00000;00000;00000;00001555;00000000;00000000;00000000;00000000;00000;00000;
01;18;9;100;99;Huétor Tájar                                      ;00009;00000;00000;00000;00000;00007586;00000000;00000000;00000000;00000000;00000;00000;
01;18;9;101;99;Huétor Vega                                       ;00012;00000;00000;00000;00000;00009206;00000000;00000000;00000000;00000000;00000;00000;
01;18;9;102;99;Illora                                            ;00012;00000;00000;00000;00000;00008541;00000000;00000000;00000000;00000000;00000;00000;
01;18;9;103;99;Itrabo                                            ;00001;00000;00000;00000;00000;00000793;00000000;00000000;00000000;00000000;00000;00000;
01;18;9;105;99;Iznalloz                                          ;00007;00000;00000;00000;00000;00005275;00000000;00000000;00000000;00000000;00000;00000;
01;18;9;107;99;Jayena                                            ;00001;00000;00000;00000;00000;00001002;00000000;00000000;00000000;00000000;00000;00000;
01;18;9;108;99;Jerez del Marquesado                              ;00001;00000;00000;00000;00000;00000871;00000000;00000000;00000000;00000000;00000;00000;
01;18;9;109;99;Jete                                              ;00001;00000;00000;00000;00000;00000643;00000000;00000000;00000000;00000000;00000;00000;
01;18;9;111;99;Jun                                               ;00004;00000;00000;00000;00000;00002741;00000000;00000000;00000000;00000000;00000;00000;
01;18;9;112;99;Juviles                                           ;00001;00000;00000;00000;00000;00000126;00000000;00000000;00000000;00000000;00000;00000;
01;18;9;114;99;La Calahorra                                      ;00001;00000;00000;00000;00000;00000663;00000000;00000000;00000000;00000000;00000;00000;
01;18;9;115;99;Láchar                                            ;00003;00000;00000;00000;00000;00002494;00000000;00000000;00000000;00000000;00000;00000;
01;18;9;116;99;Lanjarón                                          ;00004;00000;00000;00000;00000;00002979;00000000;00000000;00000000;00000000;00000;00000;
01;18;9;117;99;Lanteira                                          ;00001;00000;00000;00000;00000;00000515;00000000;00000000;00000000;00000000;00000;00000;
01;18;9;119;99;Lecrín                                            ;00005;00000;00000;00000;00000;00001742;00000000;00000000;00000000;00000000;00000;00000;
01;18;9;120;99;Lentegí                                           ;00001;00000;00000;00000;00000;00000291;00000000;00000000;00000000;00000000;00000;00000;
01;18;9;121;99;Lobras                                            ;00001;00000;00000;00000;00000;00000136;00000000;00000000;00000000;00000000;00000;00000;
01;18;9;122;99;Loja                                              ;00024;00000;00000;00000;00000;00016229;00000000;00000000;00000000;00000000;00000;00000;
01;18;9;123;99;Lugros                                            ;00001;00000;00000;00000;00000;00000304;00000000;00000000;00000000;00000000;00000;00000;
01;18;9;124;99;Lújar                                             ;00001;00000;00000;00000;00000;00000407;00000000;00000000;00000000;00000000;00000;00000;
01;18;9;126;99;La Malahá                                         ;00002;00000;00000;00000;00000;00001484;00000000;00000000;00000000;00000000;00000;00000;
01;18;9;127;99;Maracena                                          ;00021;00000;00000;00000;00000;00016280;00000000;00000000;00000000;00000000;00000;00000;
01;18;9;128;99;Marchal                                           ;00001;00000;00000;00000;00000;00000350;00000000;00000000;00000000;00000000;00000;00000;
01;18;9;132;99;Moclín                                            ;00006;00000;00000;00000;00000;00003390;00000000;00000000;00000000;00000000;00000;00000;
01;18;9;133;99;Molvízar                                          ;00004;00000;00000;00000;00000;00002391;00000000;00000000;00000000;00000000;00000;00000;
01;18;9;134;99;Monachil                                          ;00007;00000;00000;00000;00000;00005657;00000000;00000000;00000000;00000000;00000;00000;
01;18;9;135;99;Montefrío                                         ;00006;00000;00000;00000;00000;00004648;00000000;00000000;00000000;00000000;00000;00000;
01;18;9;136;99;Montejícar                                        ;00003;00000;00000;00000;00000;00001902;00000000;00000000;00000000;00000000;00000;00000;
01;18;9;137;99;Montillana                                        ;00002;00000;00000;00000;00000;00001050;00000000;00000000;00000000;00000000;00000;00000;
01;18;9;138;99;Moraleda de Zafayona                              ;00003;00000;00000;00000;00000;00002505;00000000;00000000;00000000;00000000;00000;00000;
01;18;9;140;99;Motril                                            ;00059;00000;00000;00000;00000;00043568;00000000;00000000;00000000;00000000;00000;00000;
01;18;9;141;99;Murtas                                            ;00001;00000;00000;00000;00000;00000458;00000000;00000000;00000000;00000000;00000;00000;
01;18;9;143;99;Nigüelas                                          ;00001;00000;00000;00000;00000;00000991;00000000;00000000;00000000;00000000;00000;00000;
01;18;9;144;99;Nívar                                             ;00001;00000;00000;00000;00000;00000770;00000000;00000000;00000000;00000000;00000;00000;
01;18;9;145;99;Ogíjares                                          ;00014;00000;00000;00000;00000;00010355;00000000;00000000;00000000;00000000;00000;00000;
01;18;9;146;99;Orce                                              ;00001;00000;00000;00000;00000;00001016;00000000;00000000;00000000;00000000;00000;00000;
01;18;9;147;99;Órgiva                                            ;00004;00000;00000;00000;00000;00004005;00000000;00000000;00000000;00000000;00000;00000;
01;18;9;148;99;Otívar                                            ;00001;00000;00000;00000;00000;00000855;00000000;00000000;00000000;00000000;00000;00000;
01;18;9;149;99;Villa de Otura                                    ;00007;00000;00000;00000;00000;00005223;00000000;00000000;00000000;00000000;00000;00000;
01;18;9;150;99;Padul                                             ;00008;00000;00000;00000;00000;00006611;00000000;00000000;00000000;00000000;00000;00000;
01;18;9;151;99;Pampaneira                                        ;00001;00000;00000;00000;00000;00000260;00000000;00000000;00000000;00000000;00000;00000;
01;18;9;152;99;Pedro Martínez                                    ;00001;00000;00000;00000;00000;00000966;00000000;00000000;00000000;00000000;00000;00000;
01;18;9;153;99;Peligros                                          ;00011;00000;00000;00000;00000;00008541;00000000;00000000;00000000;00000000;00000;00000;
01;18;9;154;99;La Peza                                           ;00001;00000;00000;00000;00000;00001023;00000000;00000000;00000000;00000000;00000;00000;
01;18;9;157;99;Pinos Genil                                       ;00001;00000;00000;00000;00000;00001103;00000000;00000000;00000000;00000000;00000;00000;
01;18;9;158;99;Pinos Puente                                      ;00013;00000;00000;00000;00000;00010153;00000000;00000000;00000000;00000000;00000;00000;
01;18;9;159;99;Píñar                                             ;00002;00000;00000;00000;00000;00001036;00000000;00000000;00000000;00000000;00000;00000;
01;18;9;161;99;Polícar                                           ;00001;00000;00000;00000;00000;00000212;00000000;00000000;00000000;00000000;00000;00000;
01;18;9;162;99;Polopos                                           ;00002;00000;00000;00000;00000;00001067;00000000;00000000;00000000;00000000;00000;00000;
01;18;9;163;99;Pórtugos                                          ;00001;00000;00000;00000;00000;00000326;00000000;00000000;00000000;00000000;00000;00000;
01;18;9;164;99;Puebla de Don Fadrique                            ;00003;00000;00000;00000;00000;00001834;00000000;00000000;00000000;00000000;00000;00000;
01;18;9;165;99;Pulianas                                          ;00006;00000;00000;00000;00000;00004161;00000000;00000000;00000000;00000000;00000;00000;
01;18;9;167;99;Purullena                                         ;00003;00000;00000;00000;00000;00001934;00000000;00000000;00000000;00000000;00000;00000;
01;18;9;168;99;Quéntar                                           ;00001;00000;00000;00000;00000;00000826;00000000;00000000;00000000;00000000;00000;00000;
01;18;9;170;99;Rubite                                            ;00001;00000;00000;00000;00000;00000377;00000000;00000000;00000000;00000000;00000;00000;
01;18;9;171;99;Salar                                             ;00003;00000;00000;00000;00000;00002123;00000000;00000000;00000000;00000000;00000;00000;
01;18;9;173;99;Salobreña                                         ;00012;00000;00000;00000;00000;00009089;00000000;00000000;00000000;00000000;00000;00000;
01;18;9;174;99;Santa Cruz del Comercio                           ;00001;00000;00000;00000;00000;00000447;00000000;00000000;00000000;00000000;00000;00000;
01;18;9;175;99;Santa Fe                                          ;00016;00000;00000;00000;00000;00011643;00000000;00000000;00000000;00000000;00000;00000;
01;18;9;176;99;Soportújar                                        ;00001;00000;00000;00000;00000;00000286;00000000;00000000;00000000;00000000;00000;00000;
01;18;9;177;99;Sorvilán                                          ;00001;00000;00000;00000;00000;00000453;00000000;00000000;00000000;00000000;00000;00000;
01;18;9;178;99;Torre-Cardela                                     ;00001;00000;00000;00000;00000;00000773;00000000;00000000;00000000;00000000;00000;00000;
01;18;9;179;99;Torvizcón                                         ;00001;00000;00000;00000;00000;00000582;00000000;00000000;00000000;00000000;00000;00000;
01;18;9;180;99;Trevélez                                          ;00001;00000;00000;00000;00000;00000652;00000000;00000000;00000000;00000000;00000;00000;
01;18;9;181;99;Turón                                             ;00001;00000;00000;00000;00000;00000266;00000000;00000000;00000000;00000000;00000;00000;
01;18;9;182;99;Ugíjar                                            ;00003;00000;00000;00000;00000;00001996;00000000;00000000;00000000;00000000;00000;00000;
01;18;9;183;99;Válor                                             ;00001;00000;00000;00000;00000;00000690;00000000;00000000;00000000;00000000;00000;00000;
01;18;9;184;99;Vélez de Benaudalla                               ;00004;00000;00000;00000;00000;00002196;00000000;00000000;00000000;00000000;00000;00000;
01;18;9;185;99;Ventas de Huelma                                  ;00001;00000;00000;00000;00000;00000587;00000000;00000000;00000000;00000000;00000;00000;
01;18;9;187;99;Villanueva de las Torres                          ;00001;00000;00000;00000;00000;00000585;00000000;00000000;00000000;00000000;00000;00000;
01;18;9;188;99;Villanueva Mesía                                  ;00002;00000;00000;00000;00000;00001643;00000000;00000000;00000000;00000000;00000;00000;
01;18;9;189;99;Víznar                                            ;00001;00000;00000;00000;00000;00000760;00000000;00000000;00000000;00000000;00000;00000;
01;18;9;192;99;Zafarraya                                         ;00003;00000;00000;00000;00000;00001552;00000000;00000000;00000000;00000000;00000;00000;
01;18;9;193;99;La Zubia                                          ;00017;00000;00000;00000;00000;00013979;00000000;00000000;00000000;00000000;00000;00000;
01;18;9;194;99;Zújar                                             ;00003;00000;00000;00000;00000;00002207;00000000;00000000;00000000;00000000;00000;00000;
01;18;9;901;99;La Taha                                           ;00001;00000;00000;00000;00000;00000556;00000000;00000000;00000000;00000000;00000;00000;
01;18;9;902;99;El Valle                                          ;00002;00000;00000;00000;00000;00000907;00000000;00000000;00000000;00000000;00000;00000;
01;18;9;903;99;Nevada                                            ;00003;00000;00000;00000;00000;00000957;00000000;00000000;00000000;00000000;00000;00000;
01;18;9;904;99;Alpujarra de la Sierra                            ;00002;00000;00000;00000;00000;00000847;00000000;00000000;00000000;00000000;00000;00000;
01;18;9;905;99;Las Gabias                                        ;00016;00000;00000;00000;00000;00014082;00000000;00000000;00000000;00000000;00000;00000;
01;18;9;906;99;Los Guajares                                      ;00003;00000;00000;00000;00000;00000933;00000000;00000000;00000000;00000000;00000;00000;
01;18;9;907;99;Valle del Zalabí                                  ;00004;00000;00000;00000;00000;00001893;00000000;00000000;00000000;00000000;00000;00000;
01;18;9;908;99;Villamena                                         ;00002;00000;00000;00000;00000;00000838;00000000;00000000;00000000;00000000;00000;00000;
01;18;9;909;99;Morelábor                                         ;00001;00000;00000;00000;00000;00000597;00000000;00000000;00000000;00000000;00000;00000;
01;18;9;910;99;El Pinar                                          ;00002;00000;00000;00000;00000;00000829;00000000;00000000;00000000;00000000;00000;00000;
01;18;9;911;99;Vegas del Genil                                   ;00009;00000;00000;00000;00000;00007239;00000000;00000000;00000000;00000000;00000;00000;
01;18;9;912;99;Cuevas del Campo                                  ;00002;00000;00000;00000;00000;00001515;00000000;00000000;00000000;00000000;00000;00000;
01;18;9;913;99;Zagra                                             ;00001;00000;00000;00000;00000;00000822;00000000;00000000;00000000;00000000;00000;00000;
